mirna	HC1.nonTh17	HC2.nonTh17	HC3.nonTh17	HC4.nonTh17	HC1.Th17	HC2.Th17	HC3.Th17	HC4.Th17	AS1.nonTh17	AS2.nonTh17	AS3.nonTh17	AS4.nonTh17	AS1.Th17	AS4.Th17	kruskal_wallis_p_value
hsa-let-7a-3p	0	5	2	0	0	3	4	0	2	5	1	5	0	0	0.22313016014843
hsa-let-7a-5p	80	750	426	476	139	795	290	195	906	263	474	1132	381	814	0.391625176271089
hsa-let-7b-3p	4	38	27	29	3	24	18	13	46	7	13	48	4	20	0.391625176271089
hsa-let-7b-5p	311	1437	2961	2670	295	3367	1031	1738	10109	3541	2197	7142	9712	8643	0.391625176271089
hsa-let-7c-5p	22	98	245	251	10	208	51	57	395	123	117	358	153	289	0.391625176271089
hsa-let-7d-3p	51	956	1195	483	91	1677	787	163	1129	414	1104	1027	798	799	0.391625176271089
hsa-let-7d-5p	420	3764	2798	2025	682	3795	2659	890	4277	1411	3313	4855	2457	2952	0.391625176271089
hsa-let-7e-5p	23	78	80	45	18	142	87	52	286	156	370	130	432	179	0.391625176271089
hsa-let-7f-1-3p	1	6	6	4	2	7	11	6	15	3	6	4	3	1	0.39162517627109
hsa-let-7f-2-3p	2	19	2	3	0	3	2	1	8	3	2	10	2	11	0.39162517627109
hsa-let-7f-5p	14	181	125	64	23	169	107	35	201	34	89	148	115	104	0.391625176271089
hsa-let-7g-3p	0	4	0	1	0	1	1	0	3	1	1	9	4	0	0.683091398309608
hsa-let-7g-5p	8319	60384	52530	95871	5565	46146	16100	26835	215203	34356	17868	194133	56033	63403	0.391625176271089
hsa-let-7i-3p	0	60	12	4	2	24	19	2	38	15	14	40	22	29	0.259240260645892
hsa-let-7i-5p	4490	33797	21904	20200	5965	36250	20773	11148	65326	13115	19402	43548	29751	25728	0.391625176271089
hsa-miR-100-5p	13	0	294	416	0	93	29	102	744	46	213	547	220	212	0.391625176271089
hsa-miR-101-3p	65	2998	1458	2168	22	1839	523	686	4258	2421	945	12678	1631	3861	0.391625176271089
hsa-miR-101-5p	1	4	0	3	0	1	0	1	5	2	1	7	3	3	0.121335250358482
hsa-miR-103a-2-5p	1	15	1	0	4	2	9	0	8	2	10	6	2	3	0.39162517627109
hsa-miR-106a-5p	2	13	181	8	1	57	84	5	28	10	109	21	13	7	0.391625176271089
hsa-miR-106b-3p	45	935	588	205	69	565	484	74	630	102	488	314	312	139	0.391625176271089
hsa-miR-106b-5p	4	393	44	28	4	142	83	10	57	60	78	122	47	81	0.391625176271089
hsa-miR-107	1	16	8	3	2	5	20	1	7	2	12	12	4	9	0.391625176271089
hsa-miR-10a-3p	0	8	3	1	2	8	4	0	1	2	2	14	3	17	0.391625176271089
hsa-miR-10a-5p	86	1753	2637	1175	203	2048	847	169	2022	598	934	4072	943	2288	0.391625176271089
hsa-miR-10b-5p	0	6	0	2	0	0	1	0	12	1	104	22	97	126	0.34577858615116
hsa-miR-1180-3p	3	13	23	3	2	17	9	0	4	1	16	3	2	4	0.39162517627109
hsa-miR-1225-3p	0	0	2	0	1	0	0	1	5	0	0	1	3	2	0.317310507862914
hsa-miR-1226-3p	0	4	3	1	1	1	2	1	0	0	7	3	3	0	0.654720846018578
hsa-miR-1226-5p	1	0	2	1	3	3	1	1	0	0	4	0	0	0	0.220671361919847
hsa-miR-1227-3p	0	1	1	5	0	0	2	0	3	0	1	0	1	0	1
hsa-miR-1229-3p	1	0	0	0	2	3	0	0	1	1	2	3	1	3	0.22313016014843
hsa-miR-1246	28	13	11	3	11	15	11	2	10	0	28	5	8	23	0.406569659740599
hsa-miR-1248	696	93	147	212	224	97	75	199	687	88	40	151	110	74	0.391625176271089
hsa-miR-1249	6	8	4	6	10	7	9	2	26	0	6	8	3	1	0.39162517627109
hsa-miR-1255a	0	0	20	0	0	5	19	0	0	1	8	19	0	6	0.22313016014843
hsa-miR-125a-3p	2	4	11	7	1	6	2	0	33	5	7	7	28	10	0.391625176271089
hsa-miR-125a-5p	153	877	3629	4410	71	1905	379	869	12519	2951	1120	6168	4449	2724	0.391625176271089
hsa-miR-125b-2-3p	0	0	1	4	0	1	1	0	1	0	2	3	0	3	0.683091398309608
hsa-miR-126-3p	5	11	60	9	2	21	28	0	30	5	31	35	50	54	0.391625176271089
hsa-miR-1260a	11	7	12	43	5	16	4	3	72	8	11	14	14	3	0.391625176271089
hsa-miR-1260b	2	2	10	4	3	8	2	0	21	2	1	7	8	0	0.39162517627109
hsa-miR-127-3p	0	0	4	0	0	2	0	0	3	0	18	6	38	31	0.563702861650774
hsa-miR-1271-5p	0	4	5	4	0	3	0	0	5	0	3	0	1	0	1
hsa-miR-1273h-3p	0	5	2	2	0	5	1	0	5	2	7	7	2	2	0.32465246735835
hsa-miR-1276	0	4	3	1	0	2	2	0	4	0	3	1	0	1	0.121335250358482
hsa-miR-1278	3	41	12	3	3	33	21	3	5	5	2	19	5	8	0.22313016014843
hsa-miR-128-1-5p	0	6	7	0	1	8	3	2	10	2	15	1	0	0	0.39162517627109
hsa-miR-128-3p	13	438	507	173	43	658	440	29	199	81	355	368	125	251	0.391625176271089
hsa-miR-1284	0	5	1	2	0	3	2	0	1	0	9	1	1	2	0.406569659740599
hsa-miR-1287-5p	1	14	5	1	3	6	4	2	4	3	7	6	8	2	0.39162517627109
hsa-miR-1288-3p	0	3	0	0	0	4	2	0	0	0	2	1	0	0	0.22313016014843
hsa-miR-1291	42	63	51	87	35	57	28	89	232	38	55	81	105	55	0.391625176271089
hsa-miR-1292-3p	0	0	4	0	0	0	1	0	1	0	1	0	0	0	0.0832645166635501
hsa-miR-1292-5p	0	12	80	21	9	38	51	11	60	11	42	24	20	8	0.391625176271089
hsa-miR-1293	0	0	5	0	0	2	3	0	1	0	3	0	1	0	0.22313016014843
hsa-miR-1294	3	3	7	0	2	5	4	1	2	0	6	5	0	2	0.39162517627109
hsa-miR-1301-3p	22	163	201	71	29	241	77	64	242	69	678	130	249	96	0.391625176271089
hsa-miR-1304-5p	0	21	53	8	3	31	29	0	11	0	28	4	10	5	0.391625176271089
hsa-miR-1306-3p	1	9	10	0	1	15	5	0	8	1	8	3	4	3	0.391625176271089
hsa-miR-1306-5p	2	9	9	7	11	7	11	1	24	3	9	8	7	4	0.63233666218625
hsa-miR-1307-3p	235	2017	4083	538	462	3754	3333	243	1780	246	2720	706	1598	590	0.391625176271089
hsa-miR-1307-5p	0	45	12	1	1	22	10	1	8	1	15	24	12	16	0.259240260645892
hsa-miR-130b-3p	0	19	15	2	5	20	27	0	5	3	10	7	6	5	0.391625176271089
hsa-miR-130b-5p	30	516	713	38	104	594	750	23	135	41	519	75	256	121	0.391625176271089
hsa-miR-132-3p	0	57	75	71	22	53	80	22	109	33	143	124	42	55	0.406569659740599
hsa-miR-132-5p	28	228	350	373	135	322	388	101	405	316	451	965	274	486	0.391625176271089
hsa-miR-1343-3p	0	3	3	1	1	2	4	1	2	0	14	4	8	3	0.263597138115727
hsa-miR-135b-5p	0	12	0	0	0	8	5	1	5	3	7	5	1	0	0.391625176271089
hsa-miR-139-3p	0	0	3	3	0	2	1	2	5	2	10	3	4	3	0.472366552741015
hsa-miR-139-5p	0	1	1	8	0	3	1	0	9	0	6	10	3	4	1
hsa-miR-140-3p	94	4265	3788	3963	130	3945	1416	675	10669	2309	2132	10992	3816	4076	0.391625176271089
hsa-miR-140-5p	16	1132	196	275	21	633	377	76	564	284	223	1161	268	383	0.391625176271089
hsa-miR-141-3p	0	10	4	2	0	1	0	2	8	3	2	17	4	3	0.406569659740599
hsa-miR-142-3p	79	8275	644	2384	163	3010	2061	822	3610	1777	1157	8241	1404	2959	0.391625176271089
hsa-miR-142-5p	295	15898	6293	7052	375	7276	2595	1723	16692	7056	2944	36518	5822	11501	0.391625176271089
hsa-miR-1468-5p	1	6	22	26	2	21	3	4	65	11	3	58	15	16	0.391625176271089
hsa-miR-146a-3p	0	68	8	3	2	82	1	2	28	16	6	31	17	12	0.259240260645892
hsa-miR-146a-5p	930	7395	7716	3569	1613	12270	11029	3656	20379	15661	24351	27477	21662	23869	0.391625176271089
hsa-miR-146b-3p	3	26	128	102	3	53	40	11	419	24	70	178	142	125	0.391625176271089
hsa-miR-146b-5p	1087	18924	69897	29295	1769	46908	39828	6474	108839	21966	38834	146776	46587	70146	0.391625176271089
hsa-miR-147b	0	2	1	1	0	0	1	1	4	0	0	1	0	1	1
hsa-miR-148a-3p	174	7721	2601	1883	190	5812	2641	783	3096	2260	3963	7641	2258	4708	0.391625176271089
hsa-miR-148a-5p	0	23	62	7	3	45	44	4	29	9	26	32	20	13	0.391625176271089
hsa-miR-148b-3p	16	935	157	160	22	427	151	105	359	160	350	640	286	325	0.391625176271089
hsa-miR-148b-5p	0	106	23	21	7	74	21	9	52	17	28	116	28	47	0.391625176271089
hsa-miR-149-3p	0	0	6	0	1	0	1	0	0	1	2	0	0	0	0.317310507862914
hsa-miR-150-3p	29	230	433	481	91	771	350	140	879	211	318	579	590	412	0.391625176271089
hsa-miR-150-5p	2849	9811	35940	62377	3903	19371	5040	6426	208537	11073	4643	53088	24717	17436	0.391625176271089
hsa-miR-151a-3p	14	117	1236	951	5	446	97	105	2174	343	569	1808	507	523	0.391625176271089
hsa-miR-152-3p	2	102	27	5	13	84	75	7	22	5	116	61	33	21	0.391625176271089
hsa-miR-1538	1	3	1	2	1	2	2	0	2	0	5	2	1	0	0.63233666218625
hsa-miR-155-3p	4	106	25	29	6	65	24	10	38	16	2	40	20	19	0.391625176271089
hsa-miR-155-5p	3150	47020	83562	14867	8630	56475	70053	7299	26262	6246	24104	18456	33530	15856	0.391625176271089
hsa-miR-15a-5p	2	110	10	10	3	48	32	4	15	3	15	23	21	13	0.39162517627109
hsa-miR-15b-3p	2	183	63	12	12	59	87	6	35	21	38	21	22	24	0.391625176271089
hsa-miR-15b-5p	2	235	93	43	7	67	81	15	84	15	25	62	21	27	0.391625176271089
hsa-miR-16-1-3p	0	77	2	6	5	26	27	1	7	6	9	41	7	10	0.391625176271089
hsa-miR-16-2-3p	56	2863	1285	411	214	1893	1672	167	813	397	674	1309	635	774	0.391625176271089
hsa-miR-16-5p	6	416	79	44	21	137	157	19	69	32	83	146	34	100	0.391625176271089
hsa-miR-17-3p	1	58	26	28	6	45	30	6	28	17	29	87	14	29	0.406569659740599
hsa-miR-17-5p	47	961	615	256	99	590	782	204	568	276	443	686	215	264	0.391625176271089
hsa-miR-181a-2-3p	3	35	45	50	2	24	11	4	45	21	201	178	12	74	0.391625176271089
hsa-miR-181a-3p	7	79	154	94	25	166	219	22	77	27	126	174	45	135	0.391625176271089
hsa-miR-181a-5p	0	1	1	2	0	1	2	0	0	3	1	0	2	1	1
hsa-miR-181b-3p	0	3	0	1	0	1	0	0	2	1	1	4	1	1	0.157299207050286
hsa-miR-181b-5p	0	8	13	5	3	20	31	0	10	3	8	14	3	4	0.391625176271089
hsa-miR-181c-3p	0	10	5	0	0	2	10	0	6	2	18	5	11	4	0.22313016014843
hsa-miR-181c-5p	0	16	7	7	1	2	10	1	9	7	5	11	9	3	0.32465246735835
hsa-miR-181d-5p	4	55	48	23	4	28	70	8	88	31	48	66	75	26	0.391625176271089
hsa-miR-182-5p	1	17	34	0	3	17	23	15	9	6	80	13	10	7	0.391625176271089
hsa-miR-183-5p	0	17	53	2	3	46	30	6	14	6	76	9	4	11	0.391625176271089
hsa-miR-184	0	0	9	0	1	2	3	1	1	6	0	5	5	37	0.22313016014843
hsa-miR-185-3p	1	29	10	2	1	14	21	5	10	0	19	5	13	3	0.391625176271089
hsa-miR-185-5p	11	1021	276	115	34	659	474	49	392	126	323	768	243	416	0.391625176271089
hsa-miR-186-5p	37	3546	912	1201	66	1777	625	394	2704	1200	815	4715	1123	1571	0.391625176271089
hsa-miR-18a-3p	6	73	73	17	20	77	100	3	28	10	22	12	28	12	0.39162517627109
hsa-miR-18a-5p	28	262	106	96	45	194	204	66	195	34	102	109	111	61	0.391625176271089
hsa-miR-18b-5p	1	1	0	0	0	3	1	0	0	0	3	0	0	0	0.472366552741015
hsa-miR-1908-5p	0	20	35	5	1	35	44	5	3	5	34	7	5	9	0.391625176271089
hsa-miR-190b	2	14	7	14	3	8	9	4	19	7	17	34	15	8	0.39162517627109
hsa-miR-191-3p	1	6	39	3	2	13	20	0	5	0	9	6	3	2	0.391625176271089
hsa-miR-191-5p	468	10618	8678	3762	1483	10230	8793	872	9166	1996	8695	7667	4065	3943	0.391625176271089
hsa-miR-192-5p	28	1605	1071	1276	38	1322	312	334	3168	995	725	4802	1380	1748	0.391625176271089
hsa-miR-193a-5p	3	8	25	18	2	20	12	15	46	20	24	22	29	14	0.391625176271089
hsa-miR-193b-3p	0	0	1	1	0	2	2	0	5	0	5	3	2	0	1
hsa-miR-193b-5p	1	1	8	12	5	6	6	3	18	7	20	10	23	12	0.32465246735835
hsa-miR-194-5p	1	108	29	56	2	53	12	16	126	64	19	199	44	43	0.391625176271089
hsa-miR-195-3p	0	2	9	1	0	4	8	1	7	2	2	4	0	3	0.391625176271089
hsa-miR-195-5p	1	3	3	1	1	4	2	0	8	4	0	5	0	5	0.391625176271089
hsa-miR-196a-5p	1	23	0	0	5	3	5	2	4	0	54	5	6	7	0.32465246735835
hsa-miR-197-3p	97	317	438	446	250	301	279	71	1110	43	200	275	167	96	0.391625176271089
hsa-miR-197-5p	2	5	9	3	0	18	8	1	9	7	15	1	13	1	0.391625176271089
hsa-miR-1976	1	25	36	24	5	40	14	5	74	11	22	28	36	17	0.259240260645892
hsa-miR-19a-3p	2	249	26	19	6	69	77	5	46	58	49	147	29	49	0.391625176271089
hsa-miR-19a-5p	15	53	28	39	28	31	26	36	54	14	20	20	12	15	0.391625176271089
hsa-miR-19b-1-5p	13	53	18	46	17	35	25	43	88	13	1	33	13	19	0.391625176271089
hsa-miR-19b-3p	0	3	3	2	0	1	0	0	1	0	0	2	0	0	0.34577858615116
hsa-miR-200a-3p	0	42	3	3	2	22	5	0	15	4	14	29	7	10	0.39162517627109
hsa-miR-200b-3p	0	42	39	4	1	50	14	6	37	17	18	39	12	23	0.391625176271089
hsa-miR-200b-5p	0	3	0	1	0	3	0	1	0	1	2	1	2	1	0.22313016014843
hsa-miR-200c-3p	20	279	235	194	24	319	180	27	363	84	608	328	212	139	0.391625176271089
hsa-miR-206	0	1	3	0	16	39	304	5	2	0	0	1	30	13	0.39162517627109
hsa-miR-20a-3p	0	12	3	5	0	15	9	5	11	2	3	12	1	3	0.391625176271089
hsa-miR-20a-5p	147	4336	1861	1557	290	2622	3212	608	3030	1294	1839	3915	1220	1432	0.391625176271089
hsa-miR-20b-3p	0	0	11	0	0	3	1	0	0	0	2	0	0	0	0.22313016014843
hsa-miR-20b-5p	1	29	287	16	1	105	110	10	39	13	152	19	29	13	0.391625176271089
hsa-miR-21-3p	16	1444	297	135	20	578	809	87	625	255	498	1159	521	561	0.391625176271089
hsa-miR-21-5p	13113	629528	279220	119748	44321	582682	664607	58824	305213	123544	431480	552825	248363	365528	0.391625176271089
hsa-miR-210-3p	0	317	8	7	4	166	24	5	179	17	33	34	86	16	0.391625176271089
hsa-miR-210-5p	0	3	3	1	0	2	0	0	7	0	2	0	0	0	0.34577858615116
hsa-miR-2110	21	83	152	125	23	167	58	49	383	69	94	168	220	134	0.391625176271089
hsa-miR-212-3p	0	0	1	1	0	3	4	1	5	0	0	4	1	1	0.391625176271089
hsa-miR-212-5p	2	72	123	83	22	132	240	21	117	55	341	246	102	182	0.391625176271089
hsa-miR-215-5p	0	12	9	11	1	8	3	4	18	8	2	34	6	20	0.391625176271089
hsa-miR-219a-1-3p	0	6	25	4	0	15	6	0	7	2	9	9	7	4	0.259240260645892
hsa-miR-219a-5p	0	1	0	1	0	0	1	0	1	0	1	2	0	0	0.317310507862914
hsa-miR-22-3p	78	3550	1358	661	341	4011	3721	417	2697	1324	1301	2709	2234	1940	0.391625176271089
hsa-miR-22-5p	6	102	49	25	18	116	98	12	54	27	22	51	71	38	0.391625176271089
hsa-miR-221-3p	55	1230	566	281	187	631	1250	187	979	263	581	657	658	325	0.259240260645892
hsa-miR-221-5p	31	693	470	369	62	567	551	126	383	211	367	805	383	383	0.391625176271089
hsa-miR-222-3p	164	3499	3877	1850	640	4419	8216	930	3404	1466	6702	3947	3836	2718	0.391625176271089
hsa-miR-222-5p	1	46	13	18	15	30	32	9	29	7	33	37	13	31	0.391625176271089
hsa-miR-223-3p	0	2	0	0	0	3	1	0	4	2	0	6	4	4	0.22313016014843
hsa-miR-223-5p	4	19	20	10	3	52	9	1	19	1	4	8	11	4	0.391625176271089
hsa-miR-2277-5p	0	5	6	1	0	2	7	0	2	3	6	5	1	5	0.259240260645892
hsa-miR-2355-3p	0	8	2	1	0	7	3	1	8	0	6	7	2	4	0.391625176271089
hsa-miR-23a-3p	10	422	132	55	26	128	217	27	220	59	174	178	91	74	0.391625176271089
hsa-miR-23a-5p	10	138	59	33	9	92	69	28	88	47	110	71	181	58	0.391625176271089
hsa-miR-23b-3p	3	50	19	17	1	17	13	8	60	10	4	41	19	17	0.391625176271089
hsa-miR-23b-5p	2	2	4	1	0	6	7	0	2	1	2	6	5	3	0.32465246735835
hsa-miR-24-2-5p	4	287	77	39	17	245	145	10	107	52	136	149	95	123	0.391625176271089
hsa-miR-24-3p	0	4	0	3	1	1	1	0	0	0	2	2	0	0	0.637351888233938
hsa-miR-25-3p	196	6147	2794	1833	435	4118	2219	574	4490	898	1899	3791	2271	1687	0.391625176271089
hsa-miR-25-5p	12	103	545	47	44	325	465	25	145	29	324	52	176	57	0.391625176271089
hsa-miR-26a-2-3p	1	11	6	3	0	5	0	3	19	3	1	19	0	16	0.406569659740599
hsa-miR-26a-5p	0	7	2	1	0	4	0	0	3	1	1	8	5	0	0.179712494879
hsa-miR-26b-3p	1	21	6	8	0	12	10	4	25	3	6	18	4	3	0.391625176271089
hsa-miR-26b-5p	143	7568	2832	4132	178	4265	1492	1574	7133	3872	909	15147	3013	5686	0.391625176271089
hsa-miR-27a-3p	91	9999	1216	1208	267	5406	3516	864	3729	2311	2191	7373	2811	3801	0.391625176271089
hsa-miR-27a-5p	93	3783	1325	672	277	2069	873	355	1649	480	1678	1500	1214	961	0.391625176271089
hsa-miR-27b-3p	21	1924	436	407	70	1501	387	175	913	293	422	1874	423	1036	0.391625176271089
hsa-miR-27b-5p	1	8	18	1	3	16	27	1	2	3	11	7	7	4	0.39162517627109
hsa-miR-28-3p	23	245	224	173	34	281	169	68	644	132	254	440	325	268	0.391625176271089
hsa-miR-28-5p	9	91	73	60	3	94	62	22	139	63	54	333	96	111	0.391625176271089
hsa-miR-296-3p	0	3	7	3	0	8	8	1	4	1	11	10	7	5	0.32465246735835
hsa-miR-296-5p	0	0	0	6	0	1	2	1	10	0	0	2	2	1	0.606530659712633
hsa-miR-29a-3p	169	12856	4575	3659	269	6161	4868	1743	11998	5451	4311	20417	6351	7640	0.391625176271089
hsa-miR-29a-5p	1	8	2	3	1	4	1	2	9	4	0	6	1	3	0.259240260645892
hsa-miR-29b-1-5p	9	29	32	18	9	31	39	14	36	15	44	62	20	45	0.391625176271089
hsa-miR-29b-2-5p	0	14	9	7	1	6	7	5	22	5	5	13	14	5	0.391625176271089
hsa-miR-29b-3p	0	8	0	1	0	2	1	2	6	2	0	5	1	1	0.263597138115727
hsa-miR-29c-3p	2	121	31	72	1	30	16	22	134	77	17	334	57	89	0.391625176271089
hsa-miR-29c-5p	1	24	7	21	1	9	2	4	40	9	2	45	7	11	0.391625176271089
hsa-miR-301a-3p	0	13	0	0	0	1	0	1	0	0	3	2	1	0	0.317310507862914
hsa-miR-301a-5p	3	17	18	0	0	11	10	2	1	4	14	7	0	1	0.391625176271089
hsa-miR-301b	0	5	0	0	0	1	0	0	1	0	1	2	0	0	0.0832645166635501
hsa-miR-3064-3p	3	3	1	0	1	5	0	4	4	0	0	2	0	2	0.39162517627109
hsa-miR-3064-5p	1	4	3	3	4	13	5	2	9	4	6	7	8	11	0.39162517627109
hsa-miR-3074-3p	0	3	5	0	0	3	9	1	0	0	0	2	2	0	0.39162517627109
hsa-miR-30a-3p	0	2	0	3	0	1	3	0	2	1	0	1	2	0	0.63233666218625
hsa-miR-30a-5p	0	40	10	17	0	22	15	3	51	10	22	35	6	31	0.391625176271089
hsa-miR-30b-3p	3	28	20	17	4	24	12	6	43	5	26	36	34	37	0.391625176271089
hsa-miR-30b-5p	1	99	34	58	1	33	11	13	148	88	18	237	34	69	0.391625176271089
hsa-miR-30c-1-3p	0	0	0	1	0	1	0	1	3	0	3	3	0	0	0.317310507862914
hsa-miR-30c-5p	1	16	5	2	4	9	4	1	10	4	7	14	3	4	0.406569659740599
hsa-miR-30d-3p	1	22	11	19	1	3	17	2	23	10	7	60	1	19	0.391625176271089
hsa-miR-30d-5p	252	13184	10379	9713	476	15479	5472	1616	22991	4683	9810	19003	7764	7656	0.391625176271089
hsa-miR-30e-3p	28	683	316	272	40	386	249	110	534	139	170	886	259	350	0.391625176271089
hsa-miR-30e-5p	51	9361	1105	1376	113	3898	2542	499	2965	1837	2741	7447	1967	3125	0.391625176271089
hsa-miR-31-3p	0	0	1	2	0	1	0	1	5	0	0	2	0	3	0.683091398309608
hsa-miR-31-5p	0	20	57	67	0	18	0	24	318	54	18	196	33	23	0.406569659740599
hsa-miR-3121-3p	0	1	3	0	0	2	2	0	0	0	2	1	0	0	0.102470434859749
hsa-miR-3127-5p	0	2	1	0	0	4	0	1	6	2	3	2	3	1	0.32465246735835
hsa-miR-3135a	0	1	1	0	1	4	2	0	1	0	1	0	0	0	0.391625176271089
hsa-miR-3138	0	0	1	0	0	7	8	1	1	2	5	1	1	0	0.391625176271089
hsa-miR-3140-3p	0	3	2	0	0	1	2	0	1	1	4	1	1	3	0.22313016014843
hsa-miR-3157-3p	0	1	0	1	1	1	0	0	2	0	0	0	2	0	1
hsa-miR-3168	1	0	1	1	2	4	3	0	2	9	7	2	7	8	0.391625176271089
hsa-miR-3173-5p	0	3	5	6	6	5	4	1	13	1	5	5	12	9	0.391625176271089
hsa-miR-3174	0	1	1	0	0	1	1	0	0	0	1	0	0	0	0.0832645166635502
hsa-miR-3177-3p	0	7	7	0	1	7	15	0	6	2	17	3	6	3	0.391625176271089
hsa-miR-3187-3p	0	6	14	2	1	14	15	2	3	3	17	1	5	4	0.391625176271089
hsa-miR-3188	0	1	0	1	1	2	0	1	3	0	4	1	5	0	0.472366552741015
hsa-miR-3194-3p	0	3	1	0	0	3	0	0	2	0	1	1	1	0	0.157299207050286
hsa-miR-3199	0	1	0	1	0	1	0	0	2	3	0	2	1	0	0.317310507862914
hsa-miR-32-3p	0	9	4	4	1	6	5	0	1	1	2	4	3	5	0.39162517627109
hsa-miR-32-5p	1	448	16	66	11	195	55	21	74	72	60	277	31	130	0.391625176271089
hsa-miR-320a	433	3387	5931	7658	513	4738	2796	2065	17096	2952	5487	10175	6573	5285	0.391625176271089
hsa-miR-320b	2	0	13	12	0	8	2	2	44	8	2	20	14	8	0.259240260645892
hsa-miR-320c	2	0	7	4	0	5	0	2	15	8	3	11	11	17	0.406569659740599
hsa-miR-320d	0	0	0	2	0	1	0	0	1	0	1	1	0	1	0.563702861650774
hsa-miR-320e	0	3	1	3	0	1	3	1	9	1	2	7	2	5	0.22313016014843
hsa-miR-324-5p	0	17	4	4	0	4	5	2	6	0	3	5	1	8	0.39162517627109
hsa-miR-328-3p	29	179	200	410	28	272	82	56	684	119	152	511	138	172	0.391625176271089
hsa-miR-330-3p	16	108	255	88	17	130	128	20	283	51	179	90	168	60	0.391625176271089
hsa-miR-330-5p	1	86	39	6	9	70	28	5	61	11	53	31	31	24	0.391625176271089
hsa-miR-331-3p	0	13	4	4	0	4	5	0	1	2	3	1	0	1	0.32465246735835
hsa-miR-331-5p	0	6	8	3	1	2	6	0	6	4	5	6	3	4	0.391625176271089
hsa-miR-335-3p	0	7	7	15	1	4	6	2	8	5	27	62	5	10	0.39162517627109
hsa-miR-335-5p	0	3	12	4	0	3	1	1	4	2	5	35	7	17	0.259240260645892
hsa-miR-339-3p	2	108	98	89	1	86	73	25	307	76	84	440	105	165	0.391625176271089
hsa-miR-339-5p	1	21	20	22	1	19	13	1	42	12	32	40	19	16	0.860707976425057
hsa-miR-33a-3p	4	87	35	55	3	47	41	6	23	6	7	131	6	39	0.391625176271089
hsa-miR-33a-5p	4	37	8	18	1	26	6	6	21	2	7	37	8	5	0.259240260645892
hsa-miR-33b-3p	0	0	3	1	1	1	8	0	7	1	0	1	1	5	0.22313016014843
hsa-miR-340-3p	0	33	14	15	1	14	13	3	17	4	11	33	7	14	0.391625176271089
hsa-miR-340-5p	1	318	54	39	5	94	52	27	72	58	92	344	28	127	0.391625176271089
hsa-miR-342-3p	89	1025	1654	2304	129	811	285	254	6110	573	270	2788	839	733	0.391625176271089
hsa-miR-342-5p	473	1139	3948	3690	734	4259	1191	1581	7683	2839	1799	6479	6300	5008	0.391625176271089
hsa-miR-345-5p	0	8	2	0	0	7	6	0	15	0	9	4	4	0	0.22313016014843
hsa-miR-34a-5p	1	2	4	1	0	7	17	1	10	3	31	5	6	4	0.39162517627109
hsa-miR-34b-3p	0	0	1	0	0	2	0	0	2	0	3	0	0	0	0.563702861650774
hsa-miR-34c-5p	4	10	12	2	0	4	0	1	13	8	51	35	11	8	0.406569659740599
hsa-miR-3605-3p	4	5	15	14	1	14	5	6	14	8	13	13	9	13	0.391625176271089
hsa-miR-3605-5p	1	2	1	0	1	1	1	0	3	0	2	1	2	3	0.157299207050286
hsa-miR-3607-3p	324	773	1474	3909	176	826	292	2112	8532	772	333	1534	1700	596	0.391625176271089
hsa-miR-3607-5p	0	7	2	14	5	5	1	4	18	3	0	5	6	1	0.406569659740599
hsa-miR-3609	29	44	31	92	22	25	10	110	308	39	34	128	98	39	0.391625176271089
hsa-miR-361-3p	48	1151	1185	1441	63	956	479	264	3989	536	669	2152	1169	940	0.391625176271089
hsa-miR-361-5p	4	125	70	63	15	84	54	14	149	35	76	140	45	54	0.391625176271089
hsa-miR-3611	0	2	0	1	0	0	3	0	0	0	2	4	0	0	0.34577858615116
hsa-miR-3613-3p	0	0	0	1	1	0	1	0	1	0	1	0	0	0	0.317310507862914
hsa-miR-3613-5p	0	44	2	2	5	14	14	2	10	2	2	12	8	7	0.32465246735835
hsa-miR-3614-5p	0	7	17	1	0	17	9	0	4	1	1	1	6	0	0.259240260645892
hsa-miR-3615	27	635	342	199	61	700	397	41	357	41	304	235	184	128	0.391625176271089
hsa-miR-362-5p	0	14	19	4	0	8	22	2	11	4	25	12	4	7	0.391625176271089
hsa-miR-363-3p	26	459	2668	487	17	1106	943	97	793	216	1339	1381	284	417	0.391625176271089
hsa-miR-363-5p	0	5	189	12	2	73	24	0	9	7	14	23	5	12	0.391625176271089
hsa-miR-3651	11	7	7	4	12	5	7	10	79	5	20	5	21	6	0.39162517627109
hsa-miR-3653	41	67	153	330	33	78	38	215	896	96	33	199	150	89	0.391625176271089
hsa-miR-365a-5p	2	3	16	19	9	6	6	7	6	1	10	6	6	12	0.259240260645892
hsa-miR-3661	0	1	3	0	1	3	3	0	2	0	1	0	3	1	0.263597138115727
hsa-miR-3662	0	0	63	1	1	10	33	0	3	0	4	1	2	0	0.39162517627109
hsa-miR-3679-5p	0	0	1	0	0	2	0	2	1	0	0	0	4	0	0.317310507862914
hsa-miR-3687	2	1	1	1	3	0	0	9	10	2	6	1	0	2	0.22313016014843
hsa-miR-3691-5p	0	3	15	1	0	2	5	0	3	1	4	2	3	1	0.259240260645892
hsa-miR-374a-3p	1	116	4	23	5	27	13	14	22	24	26	100	11	58	0.391625176271089
hsa-miR-374a-5p	0	177	17	17	6	51	22	15	28	52	28	144	26	61	0.39162517627109
hsa-miR-375	0	2	0	0	1	4	0	0	2	0	6	0	2	3	0.22313016014843
hsa-miR-378a-5p	0	6	35	12	0	17	15	2	28	16	26	19	2	5	0.391625176271089
hsa-miR-378d	0	0	2	2	0	1	5	0	2	0	2	3	1	2	0.472366552741015
hsa-miR-378i	1	0	1	1	0	0	2	0	1	0	0	1	0	0	0.563702861650774
hsa-miR-3909	1	9	13	6	0	7	9	1	5	1	21	5	3	8	0.391625176271089
hsa-miR-3911	0	0	2	1	0	2	1	0	2	0	1	0	0	0	0.32465246735835
hsa-miR-3912-3p	0	8	7	5	1	5	2	0	13	4	7	21	10	9	0.391625176271089
hsa-miR-3916	1	2	1	1	1	4	4	0	1	0	0	2	3	1	0.606530659712633
hsa-miR-3917	2	4	14	1	1	4	3	1	1	2	9	1	0	0	0.259240260645892
hsa-miR-3918	0	2	4	0	0	3	0	0	3	1	8	2	2	1	0.637351888233938
hsa-miR-3922-3p	0	4	4	0	2	5	7	0	3	0	7	3	4	2	0.391625176271089
hsa-miR-3928-3p	0	6	6	4	3	6	11	2	14	0	10	6	1	2	0.39162517627109
hsa-miR-3934-5p	1	17	24	8	2	22	32	0	17	2	15	12	8	4	0.391625176271089
hsa-miR-3940-3p	0	6	5	3	2	1	8	0	5	1	5	4	0	1	0.391625176271089
hsa-miR-3940-5p	0	0	1	0	1	1	4	1	2	0	5	0	2	0	0.0832645166635501
hsa-miR-3941	1	3	2	4	0	0	1	3	12	4	1	14	0	2	0.406569659740599
hsa-miR-3944-5p	0	0	0	1	0	0	1	0	0	0	1	0	0	0	0.563702861650774
hsa-miR-409-3p	0	0	3	0	0	1	0	0	4	0	6	4	20	34	0.563702861650774
hsa-miR-421	0	58	7	2	2	51	36	2	2	1	20	23	8	18	0.259240260645892
hsa-miR-424-3p	0	39	469	62	16	262	340	12	25	16	88	31	27	7	0.391625176271089
hsa-miR-425-3p	2	69	25	12	0	42	23	3	30	5	28	47	7	14	0.391625176271089
hsa-miR-425-5p	21	698	496	145	75	608	460	22	344	94	343	343	159	160	0.391625176271089
hsa-miR-4326	6	61	126	9	15	84	106	9	0	5	42	25	0	18	0.391625176271089
hsa-miR-4420	0	0	37	0	0	10	23	1	0	0	10	0	1	0	0.391625176271089
hsa-miR-4425	0	6	12	2	1	8	17	0	3	3	6	0	4	0	0.391625176271089
hsa-miR-4443	2	22	42	19	6	39	35	25	34	5	11	24	47	11	0.391625176271089
hsa-miR-4446-3p	3	10	4	4	5	13	7	5	14	12	31	11	31	7	0.32465246735835
hsa-miR-4449	6	3	3	2	3	6	1	5	8	0	8	2	3	0	0.39162517627109
hsa-miR-4473	1	27	44	15	2	35	20	0	26	5	25	37	6	24	0.391625176271089
hsa-miR-4474-3p	0	2	2	1	0	5	1	0	4	3	13	8	1	0	0.263597138115727
hsa-miR-4482-3p	0	3	0	0	1	3	0	0	0	1	0	4	0	6	0.22313016014843
hsa-miR-4485	4	3	5	1	4	2	5	8	7	1	5	3	1	7	0.391625176271089
hsa-miR-4489	0	2	1	1	2	4	3	0	5	1	1	0	1	0	0.39162517627109
hsa-miR-4494	0	0	3	0	0	1	0	0	1	0	0	1	1	1	0.563702861650774
hsa-miR-449a	0	4	6	5	0	3	8	0	3	0	3	0	0	5	0.406569659740599
hsa-miR-449c-5p	3	33	47	5	0	33	69	1	14	2	15	5	5	6	0.391625176271089
hsa-miR-4502	0	0	2	0	0	0	1	0	0	0	1	0	0	0	0.0832645166635501
hsa-miR-4506	0	0	1	0	1	1	1	0	0	0	11	0	2	0	0.563702861650774
hsa-miR-450b-5p	0	4	3	3	0	6	3	0	0	1	5	4	14	5	0.32465246735835
hsa-miR-4517	0	3	4	0	0	0	6	1	1	0	3	0	2	0	0.32465246735835
hsa-miR-4518	0	8	18	0	0	6	39	0	2	1	13	3	1	0	0.22313016014843
hsa-miR-451a	0	19	13	10	5	8	17	12	27	7	16	136	34	57	0.391625176271089
hsa-miR-4521	65	142	339	222	136	219	288	147	1055	239	179	394	266	197	0.391625176271089
hsa-miR-454-3p	2	158	26	19	11	81	45	4	37	10	20	37	11	24	0.391625176271089
hsa-miR-454-5p	0	45	22	2	4	44	25	3	11	2	25	10	13	17	0.391625176271089
hsa-miR-455-5p	0	0	5	6	0	7	1	0	19	6	39	14	9	1	0.63233666218625
hsa-miR-4632-5p	0	0	0	1	0	0	2	0	0	3	1	0	2	1	0.563702861650774
hsa-miR-4645-3p	0	4	0	1	0	2	3	1	5	2	0	0	7	2	0.39162517627109
hsa-miR-4651	1	1	1	2	1	0	0	0	7	3	1	1	1	3	0.563702861650774
hsa-miR-4660	0	0	1	1	0	2	1	1	0	0	0	1	0	0	0.22313016014843
hsa-miR-4661-5p	2	4	13	0	1	11	8	0	9	1	9	5	6	10	0.391625176271089
hsa-miR-4664-3p	0	0	4	0	0	1	1	0	0	0	3	1	0	2	0.317310507862914
hsa-miR-4665-5p	0	4	2	0	0	7	6	1	0	1	2	0	3	0	0.39162517627109
hsa-miR-4671-3p	0	0	1	0	0	0	1	0	1	2	0	0	5	0	0.0832645166635501
hsa-miR-4671-5p	0	0	3	0	0	1	0	0	2	0	0	1	0	1	0.563702861650774
hsa-miR-4677-3p	0	10	11	2	0	8	6	0	3	2	5	6	6	5	0.259240260645892
hsa-miR-4677-5p	0	0	1	0	0	0	1	0	2	0	0	0	1	2	0.0832645166635501
hsa-miR-4685-3p	0	2	2	1	0	3	3	0	5	0	4	0	2	0	0.102470434859749
hsa-miR-4707-5p	0	1	0	0	0	3	9	0	1	0	6	0	0	0	0.22313016014843
hsa-miR-4723-3p	0	0	0	2	0	3	1	0	2	0	1	0	0	1	0.606530659712633
hsa-miR-4724-5p	0	1	1	0	0	0	2	0	0	0	1	0	1	0	0.317310507862914
hsa-miR-4726-5p	0	0	5	0	0	1	2	0	0	0	4	1	0	0	0.22313016014843
hsa-miR-4742-3p	0	2	0	1	0	4	2	0	3	0	1	3	4	3	0.32465246735835
hsa-miR-4745-3p	2	2	7	0	0	2	3	0	1	0	2	0	0	0	0.32465246735835
hsa-miR-4745-5p	0	2	12	0	2	8	5	0	1	0	3	0	2	0	0.39162517627109
hsa-miR-4746-5p	1	20	16	1	1	27	12	1	6	0	25	1	7	14	0.22313016014843
hsa-miR-4747-5p	0	0	1	0	0	0	2	0	0	0	1	0	3	0	0.0832645166635501
hsa-miR-4749-3p	0	0	0	1	0	1	0	0	1	0	0	2	0	0	0.563702861650774
hsa-miR-4762-3p	0	0	0	1	0	1	2	0	1	0	0	2	0	0	0.606530659712633
hsa-miR-4772-3p	0	26	6	2	2	11	2	0	8	2	5	2	0	0	0.406569659740599
hsa-miR-4772-5p	0	24	12	0	0	22	10	1	2	1	10	2	5	1	0.39162517627109
hsa-miR-4781-3p	0	4	2	1	0	2	4	1	12	0	0	7	6	3	0.391625176271089
hsa-miR-4781-5p	0	1	1	0	0	0	1	0	0	0	2	2	2	0	0.317310507862914
hsa-miR-4787-3p	1	0	1	0	0	1	0	0	2	0	0	1	0	0	0.317310507862914
hsa-miR-4800-3p	0	0	0	1	0	2	0	2	2	0	1	0	2	0	0.317310507862914
hsa-miR-483-5p	0	0	0	4	0	1	0	1	0	15	6	0	1	0	0.317310507862914
hsa-miR-484	41	2522	784	391	86	1659	993	85	1264	376	889	918	589	616	0.391625176271089
hsa-miR-491-5p	0	1	0	0	1	2	0	0	2	0	0	1	0	0	0.22313016014843
hsa-miR-497-5p	0	1	4	0	0	1	1	0	3	0	0	1	0	0	0.102470434859749
hsa-miR-4999-5p	2	3	0	6	1	5	1	1	7	0	0	9	4	5	0.654720846018578
hsa-miR-5000-3p	0	0	0	2	0	2	0	1	0	2	0	1	0	0	0.22313016014843
hsa-miR-5001-5p	0	1	2	4	0	3	1	1	4	1	2	4	4	0	0.259240260645892
hsa-miR-5009-5p	0	1	3	2	1	0	5	0	2	0	0	1	1	0	0.259240260645892
hsa-miR-500a-3p	0	20	25	9	1	23	40	0	29	7	36	22	15	12	0.391625176271089
hsa-miR-500b-3p	0	0	8	0	0	1	7	0	1	0	5	3	1	0	0.22313016014843
hsa-miR-501-3p	6	50	96	52	14	75	69	12	102	17	67	70	44	36	0.391625176271089
hsa-miR-501-5p	0	1	8	1	1	5	4	2	1	1	8	4	1	0	0.39162517627109
hsa-miR-5010-3p	0	1	0	0	2	0	2	0	3	0	0	2	0	0	0.317310507862914
hsa-miR-502-3p	2	29	28	24	1	35	32	5	33	6	16	49	16	20	0.391625176271089
hsa-miR-503-5p	0	16	18	1	1	11	49	0	0	3	12	1	8	0	0.391625176271089
hsa-miR-505-3p	2	55	37	29	7	28	50	7	53	24	57	52	26	21	0.259240260645892
hsa-miR-505-5p	1	16	54	48	5	37	25	18	57	48	62	51	67	73	0.391625176271089
hsa-miR-508-3p	0	5	0	3	0	1	0	5	8	12	1	8	8	1	0.22313016014843
hsa-miR-509-3-5p	0	1	4	2	0	2	0	1	4	13	0	2	0	0	0.860707976425057
hsa-miR-5090	0	2	1	2	2	0	3	3	14	7	6	6	10	12	0.32465246735835
hsa-miR-5100	41	175	760	247	113	332	314	25	476	15	49	74	114	22	0.391625176271089
hsa-miR-5193	1	5	2	5	1	2	0	2	18	0	0	7	5	0	0.22313016014843
hsa-miR-532-3p	0	2	6	2	1	1	2	0	10	0	6	5	2	1	0.32465246735835
hsa-miR-532-5p	24	474	1144	638	65	1135	817	148	1156	262	907	1222	389	570	0.391625176271089
hsa-miR-542-3p	0	7	3	1	0	9	4	0	0	4	2	4	1	5	0.259240260645892
hsa-miR-548ac	0	0	1	0	0	0	1	0	2	0	0	1	0	0	0.0832645166635501
hsa-miR-548ay-3p	0	0	1	0	1	6	2	0	0	0	1	3	0	3	0.391625176271089
hsa-miR-548e-3p	1	46	3	2	0	26	9	1	6	2	7	16	1	9	0.391625176271089
hsa-miR-548j-5p	0	22	6	1	3	5	6	1	0	0	4	4	2	6	0.391625176271089
hsa-miR-548k	0	5	0	1	0	2	1	1	3	0	0	2	1	0	0.32465246735835
hsa-miR-548l	0	8	0	0	0	6	0	2	0	0	2	0	0	1	0.22313016014843
hsa-miR-548s	0	0	0	1	0	0	1	0	0	0	1	0	0	0	0.563702861650774
hsa-miR-5690	0	1	2	2	0	0	2	0	2	0	0	1	0	1	0.34577858615116
hsa-miR-573	0	0	6	0	0	7	3	0	1	0	1	0	0	0	0.22313016014843
hsa-miR-576-5p	0	6	2	2	1	10	6	0	4	4	3	6	3	1	0.39162517627109
hsa-miR-577	0	1	3	0	0	0	2	3	0	0	3	2	0	1	0.32465246735835
hsa-miR-579-3p	0	4	0	1	0	1	3	0	0	2	0	2	0	0	0.32465246735835
hsa-miR-579-5p	1	9	9	4	1	8	8	0	10	0	8	5	5	2	0.22313016014843
hsa-miR-580-3p	0	7	0	0	0	1	2	0	4	0	3	4	0	1	0.22313016014843
hsa-miR-581	0	4	0	0	1	2	0	0	1	0	0	7	2	2	0.22313016014843
hsa-miR-582-3p	1	4	4	6	0	1	3	1	5	4	5	26	2	5	0.32465246735835
hsa-miR-589-5p	4	52	55	14	0	50	29	7	66	9	26	42	26	19	0.391625176271089
hsa-miR-590-3p	1	53	3	14	1	15	7	2	9	10	8	44	3	19	0.391625176271089
hsa-miR-597-3p	0	1	3	0	0	3	1	1	1	0	2	0	0	0	0.63233666218625
hsa-miR-598-3p	0	93	11	15	0	40	12	7	42	10	16	65	19	11	0.391625176271089
hsa-miR-6125	0	1	3	1	0	1	1	0	1	0	3	3	0	1	0.220671361919847
hsa-miR-616-3p	1	0	0	1	0	2	0	0	0	1	1	0	3	1	0.317310507862914
hsa-miR-624-5p	0	1	1	0	0	1	1	0	0	0	1	0	0	0	0.0832645166635502
hsa-miR-625-5p	0	0	3	1	0	0	5	1	0	1	5	1	2	0	0.22313016014843
hsa-miR-628-3p	2	11	1	9	1	3	6	3	10	4	8	19	6	6	0.259240260645892
hsa-miR-628-5p	0	7	4	1	0	3	0	0	3	0	2	8	0	1	0.179712494879
hsa-miR-629-3p	0	4	0	2	2	0	0	0	4	0	0	2	2	0	0.34577858615116
hsa-miR-629-5p	33	291	365	186	76	453	433	79	482	136	578	486	452	332	0.391625176271089
hsa-miR-632	0	2	2	1	1	0	1	3	2	2	5	1	3	0	0.63233666218625
hsa-miR-641	0	2	8	2	0	3	9	0	2	0	2	6	0	6	0.32465246735835
hsa-miR-643	0	2	3	2	0	2	3	0	1	0	0	3	0	2	0.32465246735835
hsa-miR-6501-5p	0	18	3	5	1	43	9	2	9	3	0	8	2	1	0.391625176271089
hsa-miR-6509-5p	0	0	0	3	0	1	0	0	2	0	1	1	0	0	0.563702861650774
hsa-miR-651-5p	0	38	4	12	0	16	6	4	21	10	11	43	5	14	0.391625176271089
hsa-miR-6514-5p	0	2	4	1	1	3	10	0	4	0	7	1	0	0	0.391625176271089
hsa-miR-6515-5p	1	0	1	0	0	0	1	1	0	0	1	0	0	2	1
hsa-miR-6516-3p	22	21	17	31	15	12	14	34	65	10	5	17	7	9	0.391625176271089
hsa-miR-6516-5p	8	6	5	10	16	8	3	6	21	3	2	7	2	5	0.391625176271089
hsa-miR-652-3p	3	83	54	51	6	61	29	10	138	26	39	74	43	28	0.391625176271089
hsa-miR-659-5p	0	3	3	9	0	6	1	0	11	2	0	19	4	5	1
hsa-miR-660-5p	2	79	33	35	2	75	67	6	62	23	57	122	37	53	0.391625176271089
hsa-miR-664a-3p	6	26	30	41	1	11	6	2	223	13	5	54	14	18	0.391625176271089
hsa-miR-664a-5p	21	29	63	57	18	49	12	24	157	40	30	128	72	77	0.391625176271089
hsa-miR-664b-5p	27	1	6	15	12	2	2	16	20	7	5	13	27	7	0.259240260645892
hsa-miR-671-3p	2	27	200	22	8	86	94	4	49	9	93	42	27	18	0.391625176271089
hsa-miR-671-5p	0	13	20	7	1	15	25	4	14	2	13	11	9	9	0.391625176271089
hsa-miR-6726-3p	0	1	0	0	0	1	0	1	4	4	5	2	0	1	0.317310507862914
hsa-miR-6729-5p	0	0	4	0	0	0	2	0	0	2	2	1	0	1	0.0832645166635501
hsa-miR-6731-3p	1	0	1	2	1	0	0	1	3	0	2	0	0	0	0.220671361919847
hsa-miR-6731-5p	0	1	1	1	0	1	2	0	4	0	3	1	1	1	0.606530659712633
hsa-miR-6732-3p	1	0	2	2	0	0	1	0	2	0	2	1	0	0	0.34577858615116
hsa-miR-6734-5p	0	0	0	1	0	0	0	1	0	0	0	2	1	1	0.0832645166635501
hsa-miR-6738-3p	0	1	0	0	0	3	0	0	2	0	0	0	4	0	0.0832645166635501
hsa-miR-6741-3p	0	5	3	7	1	10	1	0	7	2	7	3	4	0	0.259240260645892
hsa-miR-6747-3p	0	2	18	7	2	9	10	1	16	3	9	4	3	3	0.391625176271089
hsa-miR-6752-3p	0	0	1	1	0	3	1	2	9	0	0	4	0	0	0.391625176271089
hsa-miR-6754-3p	0	0	1	1	1	1	0	0	1	0	1	0	5	0	0.0832645166635502
hsa-miR-6758-3p	0	0	0	2	0	0	2	0	0	0	1	1	0	0	0.563702861650774
hsa-miR-676-5p	0	0	1	1	0	2	0	0	1	1	3	2	2	1	0.317310507862914
hsa-miR-6766-5p	1	0	3	2	0	2	2	0	0	0	2	0	0	0	1
hsa-miR-6767-5p	0	0	1	0	0	0	1	0	0	0	2	0	0	0	0.0832645166635501
hsa-miR-6769b-3p	2	0	5	4	0	3	1	1	15	1	3	3	6	2	0.259240260645892
hsa-miR-6780a-5p	2	1	1	2	0	0	0	1	1	0	1	2	0	0	0.317310507862914
hsa-miR-6786-3p	0	3	2	2	0	8	0	2	2	1	1	3	5	2	0.32465246735835
hsa-miR-6789-3p	1	0	4	0	0	1	3	0	3	0	2	1	0	0	0.32465246735835
hsa-miR-6793-5p	4	1	0	1	0	3	1	3	1	0	3	0	3	1	0.22313016014843
hsa-miR-6802-3p	0	1	2	3	0	2	0	0	7	0	0	3	1	1	0.654720846018578
hsa-miR-6803-3p	6	10	4	18	5	9	4	2	71	5	5	12	14	2	0.391625176271089
hsa-miR-6805-5p	0	1	2	1	1	4	2	0	6	0	4	1	8	0	0.39162517627109
hsa-miR-6807-5p	0	0	0	1	0	0	1	0	1	0	0	1	0	0	0.563702861650774
hsa-miR-6813-5p	0	1	1	0	0	1	1	0	1	0	0	2	0	2	0.0832645166635502
hsa-miR-6821-3p	2	2	2	3	1	5	2	1	13	0	1	2	5	1	0.606530659712633
hsa-miR-6821-5p	3	3	2	9	2	6	1	4	14	0	2	3	6	15	0.39162517627109
hsa-miR-6837-3p	0	0	1	0	0	2	0	1	0	2	1	0	0	0	0.606530659712633
hsa-miR-6840-5p	0	1	1	0	0	2	0	0	1	0	3	0	0	0	0.317310507862914
hsa-miR-6842-3p	0	19	20	13	2	22	7	1	24	6	9	15	7	17	0.391625176271089
hsa-miR-6842-5p	0	2	1	2	0	2	1	1	10	5	9	10	4	1	0.32465246735835
hsa-miR-6852-5p	0	1	0	0	0	2	1	0	1	0	0	0	2	0	0.22313016014843
hsa-miR-6855-3p	1	2	2	5	1	8	2	0	4	1	2	2	3	0	0.39162517627109
hsa-miR-6855-5p	3	4	3	4	0	3	0	1	5	2	6	3	4	4	0.22313016014843
hsa-miR-6866-5p	0	3	2	5	0	5	2	0	2	1	1	4	1	0	0.860707976425057
hsa-miR-6868-3p	0	3	0	7	0	5	4	1	7	0	0	18	0	6	0.39162517627109
hsa-miR-6877-5p	1	2	0	1	0	2	1	0	0	0	1	0	2	0	0.22313016014843
hsa-miR-6881-3p	0	0	3	0	1	0	1	0	0	0	5	0	1	2	0.317310507862914
hsa-miR-6882-5p	0	0	1	1	0	3	0	0	2	0	1	2	0	0	0.317310507862914
hsa-miR-6894-3p	0	0	0	1	1	0	0	1	2	0	0	0	3	2	0.317310507862914
hsa-miR-7-1-3p	0	6	8	6	0	3	4	2	4	0	3	14	0	4	0.39162517627109
hsa-miR-7-5p	10	49	102	8	14	89	186	6	63	10	35	32	36	19	0.391625176271089
hsa-miR-7111-5p	0	0	4	0	0	0	4	0	0	0	1	0	0	0	0.0832645166635501
hsa-miR-744-3p	1	2	1	0	0	0	2	0	0	0	2	2	0	1	1
hsa-miR-744-5p	43	569	1401	363	108	1218	1035	173	766	177	2350	446	488	368	0.391625176271089
hsa-miR-760	0	6	21	6	3	10	11	5	30	9	18	8	30	11	0.39162517627109
hsa-miR-7641	16	6	5	8	26	17	5	3	22	3	4	2	3	2	0.391625176271089
hsa-miR-766-3p	2	13	9	19	5	17	12	2	52	1	12	8	9	3	0.391625176271089
hsa-miR-766-5p	10	22	49	17	16	61	50	5	25	8	70	31	68	30	0.391625176271089
hsa-miR-769-3p	0	2	0	0	0	3	1	0	2	0	3	1	2	0	0.22313016014843
hsa-miR-769-5p	7	263	118	177	22	203	121	43	412	103	235	414	144	175	0.391625176271089
hsa-miR-7705	1	0	0	1	0	2	1	2	0	2	2	1	0	0	0.472366552741015
hsa-miR-7706	3	94	121	31	22	197	113	5	74	12	56	46	53	33	0.391625176271089
hsa-miR-7845-5p	2	1	0	1	1	0	0	0	4	0	1	0	0	0	0.157299207050286
hsa-miR-7846-3p	0	2	2	3	0	4	1	0	5	0	3	3	0	0	1
hsa-miR-7848-3p	0	2	2	0	1	2	0	0	2	0	0	2	1	0	0.472366552741015
hsa-miR-7974	0	3	302	0	2	93	278	0	11	1	45	2	21	2	0.39162517627109
hsa-miR-7976	0	11	9	1	0	6	11	0	9	2	17	6	5	1	0.259240260645892
hsa-miR-7977	2	5	16	12	5	7	5	2	15	3	0	3	1	1	0.860707976425057
hsa-miR-8072	0	1	0	1	0	0	1	0	0	0	4	2	0	0	0.317310507862914
hsa-miR-874-3p	1	59	22	29	4	47	28	2	76	30	55	132	29	43	0.391625176271089
hsa-miR-877-3p	0	0	3	2	3	1	1	0	0	1	1	1	0	1	0.63233666218625
hsa-miR-877-5p	2	14	36	14	2	21	36	3	22	14	62	7	20	14	0.39162517627109
hsa-miR-92a-1-5p	599	1745	3684	4658	1146	4336	1884	930	2670	1408	1138	4042	2005	2374	0.391625176271089
hsa-miR-92a-2-5p	0	0	84	6	0	53	17	3	1	4	18	5	2	1	0.39162517627109
hsa-miR-92a-3p	32	146	424	346	44	228	126	67	718	78	125	273	179	117	0.391625176271089
hsa-miR-92b-3p	27	66	736	57	68	512	933	59	174	37	351	71	162	42	0.391625176271089
hsa-miR-92b-5p	13	15	173	13	26	153	194	26	44	22	133	29	60	43	0.22313016014843
hsa-miR-93-3p	1	14	9	1	0	5	10	3	4	1	9	2	5	0	0.39162517627109
hsa-miR-93-5p	66	2024	847	218	136	1133	1031	98	540	181	1139	433	355	275	0.391625176271089
hsa-miR-937-3p	3	1	6	0	1	11	9	1	0	1	1	0	0	8	0.406569659740599
hsa-miR-942-3p	1	3	8	1	0	4	7	0	1	0	5	0	0	1	0.22313016014843
hsa-miR-942-5p	11	180	72	29	24	123	111	6	53	17	85	38	48	32	0.391625176271089
hsa-miR-95-3p	0	40	80	131	5	38	10	32	168	79	31	233	57	105	0.391625176271089
hsa-miR-96-5p	0	0	2	0	0	2	3	1	0	2	1	0	0	3	0.391625176271089
hsa-miR-98-5p	111	1465	569	193	298	1455	1068	103	471	141	1027	524	350	508	0.391625176271089
hsa-miR-99a-5p	33	125	2236	1934	3	663	80	67	2101	227	201	2168	214	555	0.391625176271089
hsa-miR-99b-3p	0	3	7	2	0	10	2	0	33	5	32	10	20	10	0.259240260645892
hsa-miR-99b-5p	94	537	1171	827	116	993	456	208	4019	633	1454	1192	2500	661	0.391625176271089
