mirna	coefficients.x1	coefficients.x2	coefficients.x3	coefficients.x4	stdev.unscaled.x1	stdev.unscaled.x2	stdev.unscaled.x3	stdev.unscaled.x4	sigma	df.residual	Amean	s2.post	t.x1	t.x2	t.x3	t.x4	df.total	p.value.x1	p.value.x2	p.value.x3	p.value.x4	lods.x1	lods.x2	lods.x3	lods.x4	F	F.p.value
hsa-let-7a-5p	9.61568639819598	9.80360147972555	9.70737880855823	10.0705891040461	0.421262146477736	0.402252805408668	0.387455851931796	0.556096768476859	0.802972652178944	10	9.82058575395274	0.626925784004632	28.8283501801135	30.7807006412877	31.6425654309316	22.8715943192045	12.1297631772335	1.51975674329096e-12	6.93275315400662e-13	4.97845291732426e-13	2.40134449085695e-11	18.4341673547018	19.1610356545994	19.5195785600929	15.5525383733667	825.721769957219	1.17447943907021e-14
hsa-let-7b-5p	11.8615266155736	11.9526857500234	12.5096506387083	13.7316479406204	0.377780594368511	0.380744772290585	0.370461540242412	0.515866417174573	1.02676324376787	10	12.3564049791643	0.964506718291952	31.9704179310172	31.965310245497	34.3834478943532	27.1039617270803	12.1297631772335	4.39938418509601e-13	4.4078255137192e-13	1.83640745445048e-13	3.17742565711106e-12	19.6850998998679	19.6617504328575	20.4006399269762	17.2506602342729	990.183728045378	3.91979086727579e-15
hsa-let-7c-5p	8.00688663649023	7.18512840716968	8.26612321189911	8.48366307924146	0.437376652004033	0.496331766699999	0.393273445862163	0.542429240782738	0.946955359855463	10	7.974750060294	0.834645728516498	20.038121070159	15.8456979855459	23.0067971517252	17.1194272979252	12.1297631772335	1.14931548056505e-10	1.79627559378244e-09	2.23900899214476e-11	7.29962720809686e-10	14.7823035813446	12.170824481066	16.36681572312	12.8639718006683	368.749986715265	1.51206035512363e-12
hsa-let-7d-3p	10.101826354165	10.1330674342689	10.2697845980107	10.4735958720343	0.415910216546416	0.393906067496657	0.382772454455002	0.550054308720314	0.504216047803571	10	10.2082876306159	0.304964628144945	43.9820608780883	46.5825788137187	48.5842969691931	34.4798610148092	12.1297631772335	9.47688587137654e-15	4.73924197679373e-15	2.85211723460888e-15	1.77564888940249e-13	21.8506084370507	22.5248580321857	22.9591371455486	18.7389501255062	1913.41326390287	7.28744495923469e-17
hsa-let-7d-5p	12.1774890480217	12.4316192654566	12.1018022000412	11.9765528050825	0.375932199795814	0.379732688890451	0.373376029036554	0.529049998875878	0.61958935868955	10	12.2075694613907	0.411856369264863	50.4748838588174	51.0125252765882	50.5045754135176	35.2746101368771	12.1297631772335	1.7988010995035e-15	1.58274627821121e-15	1.78607167636011e-15	1.35024926966239e-13	23.308296953053	23.319907812287	23.3498411879375	19.099140717723	2236.250473416	2.83529962830274e-17
hsa-let-7e-5p	6.6509870234027	7.42520345719909	8.19370237348018	9.15531478596017	0.490522093378892	0.486211124609417	0.394110223251347	0.543492582036521	0.910783265440902	10	7.80991110748279	0.77924621578906	15.3599632468663	17.3000005081316	23.5518557696751	19.0828092572798	12.1297631772335	2.57717016897843e-09	6.45726079393037e-10	1.69519228042597e-11	2.04367465878287e-10	11.8491876145395	13.1170810575858	16.6061058415155	13.9343915222292	363.515501967936	1.64768190497447e-12
hsa-let-7f-5p	7.4922627728361	7.62112123723111	7.17479193992153	7.54535414675873	0.459286955810704	0.477934694957519	0.428338056021182	0.568710954821558	0.350414578106989	10	7.44771763040383	0.196600231913812	36.7906005158712	35.9631975737313	37.7772758468865	29.9223722627172	12.1297631772335	8.1405697940339e-14	1.07020741143345e-13	5.92051208861265e-14	9.72947372712842e-13	20.1078891646834	19.753200212674	20.6259541473826	17.6062734855098	1242.34269957151	9.94444193354857e-16
hsa-let-7g-5p	16.4718994653299	15.8002779455075	16.2434468193256	16.5087778496491	0.356366152925635	0.359535194852332	0.351706068319492	0.497219075647535	1.06914911009332	10	16.2251782803954	1.03774562622657	45.373447491799	43.1397735557781	45.3370098561726	32.5928010609984	12.1297631772335	6.5090450604859e-15	1.19653828385883e-14	6.57243589224745e-15	3.49068809712343e-13	22.8303721358905	22.4055150799148	22.8831428725399	18.8524395924003	1759.38123585884	1.21120206356799e-16
hsa-let-7i-5p	15.4244725881549	15.824298420315	15.2396953864093	15.4310284155671	0.360624614374112	0.359375775441389	0.356213845177694	0.503957091218006	0.639952461512549	10	15.4974442994892	0.433001200552898	64.9995584899265	66.9161760431093	65.0161038814376	46.5325400894494	12.1297631772335	8.45898361913796e-17	5.95151658972072e-17	8.43297861728816e-17	4.8011069613162e-15	25.0387537553623	25.2103715154468	25.1246740060995	21.0140417912562	3773.77206780397	1.19119351147466e-18
hsa-miR-100-5p	6.33857310050659	6.24294072727974	8.52309839946391	8.70344606626263	0.492532917577642	0.600440953100792	0.392184265603432	0.541059731124826	2.28823159641163	10	7.43898617288341	4.41202751400921	6.12684842278697	4.94993846329564	10.3463753659873	7.65820387760357	12.1297631772335	4.89011002945559e-05	0.000325854720810744	2.25177777615309e-07	5.49228667311562e-06	2.09174442055286	0.294665669325243	7.48096365200535	4.36879003104359	56.9339330577681	9.31200917021179e-08
hsa-miR-101-3p	11.2794750715649	10.1637671574688	12.0378487324808	11.8202362983898	0.386444738488458	0.395290577464123	0.373881208803139	0.529799282412864	1.51511614115699	10	11.2163576306234	1.98788544737679	20.7016905707616	18.2365452172734	22.8359753916275	15.8241035309214	12.1297631772335	7.82258098959695e-11	3.48242471132602e-10	2.44619784895369e-11	1.82494073950626e-09	15.2689757436048	13.8683750652854	16.355180976265	12.0898417437883	383.253899648388	1.19917557872799e-12
hsa-miR-106b-3p	9.34289681875224	9.20140988883053	8.84455635662269	8.76404599924562	0.425219209500318	0.426295801695467	0.391037937666898	0.541112873686303	0.680614148929074	10	9.09721363852233	0.477269555954314	31.8043709776199	31.2436278015855	32.7397450789265	23.4441729031219	12.1297631772335	4.68298597019274e-13	5.79667999826919e-13	3.30720991762657e-13	1.79010099787863e-11	19.2735162868188	19.1122356424527	19.798418397121	15.8523450251423	902.300610607662	6.87345454204296e-15
hsa-miR-106b-5p	6.84341514330132	7.0372784350574	6.37922687823524	6.8177984040773	0.533392169035184	0.556266992043936	0.458463667224291	0.657092218551147	1.14737927077361	10	6.60413149350811	1.18069925924812	11.8074633376659	11.6426488424274	12.8054097249324	9.54878655934113	12.1297631772335	5.19088428375604e-08	6.07725843525555e-08	2.07667321183328e-08	5.39645581908445e-07	8.97311512171959	8.80840238428372	9.89345381100955	6.67183402094503	132.531326379412	6.78420353016321e-10
hsa-miR-10a-5p	11.095034250136	10.7170308749234	10.8600057867215	11.0715895863446	0.390114322218554	0.382051317482356	0.38119554762593	0.538586085114698	0.748083362084348	10	10.9115036173975	0.55673779906552	38.1163580873061	37.5947694715824	38.1818426128234	27.5505006688309	12.1297631772335	5.31682032303593e-14	6.27581249590585e-14	5.20809488642348e-14	2.61380188776421e-12	21.0917839891205	21.0608344996017	21.1962640835508	17.2213914380518	1270.77665946871	8.67240764208437e-16
hsa-miR-1248	8.25427966477441	8.29019811020021	7.67624711131201	7.22532926241909	0.426447186522746	0.436869194321403	0.404423045047238	0.595383238407005	2.25001347194941	10	8.41104602171461	4.26903773561997	9.36804415032424	9.18435137159547	9.18645718512417	5.87348740930174	12.1297631772335	6.63122225457318e-07	8.20204941725107e-07	8.18193290518011e-07	7.2365007949611e-05	6.41436443042174	6.20812651380545	6.17406709403759	1.81035791140511	72.7503528201744	2.2728168084016e-08
hsa-miR-125a-5p	11.7513896083859	10.4745462234313	12.2043464219876	12.2997178542207	0.378753212907954	0.386490846429332	0.372567465398327	0.528178833193951	1.66251188808507	10	11.5924056329748	2.37401735282803	20.1368231106783	17.5895229267323	21.2602151316276	15.1137492212199	12.1297631772335	1.08456846013064e-10	5.31781453223573e-10	5.70957906685644e-11	3.1069878807058e-09	14.9869312775144	13.4812509413082	15.5919935715973	11.6135181452627	348.82628118645	2.11091583550394e-12
hsa-miR-128-3p	8.75663085789999	8.95684340659234	8.33381305725792	8.22543886668706	0.430336855870343	0.437802319011989	0.392890857662282	0.544627918750351	0.879201048857229	10	8.51218233514207	0.732640464737261	23.7729484577344	23.9018475991942	24.7814309534655	17.6446776109631	12.1297631772335	1.51693675971054e-11	1.42244339886238e-11	9.25147139965421e-12	5.12645753478482e-10	16.5478493011641	16.5666869875115	17.1313799400652	13.1603461285645	515.47634128135	2.01492104088325e-13
hsa-miR-1291	6.52964162342759	6.36256064846462	6.78228408143272	6.87793305277023	0.471054182782044	0.496416449627566	0.447348699375958	0.639241642702273	1.11450442012363	10	7.07518392918754	1.11939625815948	13.1016669693185	12.1141750658378	14.3297255338489	10.1695318296443	12.1297631772335	1.60116564322687e-08	3.89018534643249e-08	5.74264353537307e-09	2.72027156834085e-07	10.1406207298574	9.26917392436343	11.1444107871645	7.33215711203994	156.791831602572	2.50699833454766e-10
hsa-miR-1301-3p	7.68385578175396	7.7659784539218	8.11014512924705	8.10151827373937	0.445301716141714	0.468160454074711	0.396563586081425	0.546368566924085	1.14847583619291	10	7.97972898496937	1.18277477818548	15.866232303672	15.2528299397529	18.8046288118896	13.6342006922208	12.1297631772335	1.76946782394509e-09	2.79464853783897e-09	2.42895084048799e-10	1.01616576439702e-08	12.2663604074938	11.8065051463892	14.2026716334365	10.4988499115028	255.972910488453	1.34989347845973e-11
hsa-miR-1307-3p	11.6238538134426	11.9945407063751	10.4413677037793	10.6194898855882	0.380398566093444	0.38071273049134	0.382115672825057	0.547537427519789	1.52208236049796	10	11.2494987879318	2.00532831962041	21.5783644918603	22.24812827721	19.2961113057275	13.6961057589534	12.1297631772335	4.7888364794848e-11	3.33347047240428e-11	1.79304531637978e-10	9.64836192124901e-09	15.7311093847259	16.0565122560173	14.5129342712169	10.545122284744	380.132062616557	1.25959784517423e-12
hsa-miR-130b-5p	8.29170299008849	9.06528549399322	7.38004517906043	8.31585410987987	0.430897321212839	0.431583409149404	0.41497057538844	0.543685435152859	1.83530648933376	10	8.304636753475	2.87229924253618	11.3541623862641	12.393726349997	10.4936572681537	9.02493995214259	12.1297631772335	8.04545372113997e-08	3.00706067975317e-08	1.92763704237633e-07	9.89017225614151e-07	8.55175824349008	9.53268433477524	7.66076731990086	6.08808638505132	118.52196008338	1.31168351262384e-09
hsa-miR-132-3p	6.33664036395329	6.48722038510776	6.79180130911411	6.25679773313065	0.591698016030792	0.529675076253014	0.445715162175288	0.758545749659091	0.718277779672844	10	6.52755011310031	0.520705976170821	14.84098292076	16.9727741889547	21.1169544567299	11.430732333136	12.1297631772335	3.83446163037456e-09	8.07112469456269e-10	6.18515642651185e-11	7.46377658922548e-08	11.2978995114004	12.8113436314176	15.2959094300716	8.38283283543585	271.229311230735	9.54537346575213e-12
hsa-miR-132-5p	8.74643391536133	9.22383117053562	9.43050616741843	9.39238811380632	0.428581588075624	0.421257675139338	0.388491646678213	0.548544451622666	0.825698302559896	10	9.20837980474752	0.657439658152213	25.1692086093996	27.0044644947326	29.938178215073	21.1171961802042	12.1297631772335	7.68896368309506e-12	3.3201339237141e-12	9.66811830575367e-13	6.1843188280286e-11	17.1147540395891	17.8275413602543	19.0011803486089	14.8721965400914	676.240163505362	3.92137735739431e-14
hsa-miR-140-3p	12.2279029243507	11.4263830415526	12.5357355790921	12.4786936250785	0.375766407702539	0.37959907383385	0.370369418020942	0.527366860507136	0.788572064589616	10	12.1148879499526	0.608030790952191	41.7321964328016	38.6029814512791	43.4062150124533	30.3454442835301	12.1297631772335	1.78479553917706e-14	4.56385089629538e-14	1.110925472542e-14	8.22307978158806e-13	21.9596604024373	21.3017013950187	22.3231743286335	18.0560641819823	1509.17797162647	3.06477374643742e-16
hsa-miR-140-5p	8.93062045234509	8.9062618083847	9.30650739316853	9.22154040041192	0.42868733923033	0.442414995026632	0.388664299264295	0.544905676866216	1.01301297067877	10	8.94768216221702	0.941383859601727	21.471263471788	20.7482869278814	24.6790650308318	17.4420997918298	12.1297631772335	5.07948827325631e-11	7.61743073075684e-11	9.71901148084776e-12	5.8681812934701e-10	15.526220990213	15.1270709705909	17.1076996024942	13.0442674138258	451.197415365202	4.49324264373151e-13
hsa-miR-142-3p	11.3237203774518	11.5746760973629	11.8464624470628	11.5719012298223	0.385494299726744	0.37988298586679	0.375407337118708	0.531269284904003	1.24442704775095	10	11.5727972252533	1.37206283558637	25.0774963299488	26.0118956619928	26.9400827377597	18.5952923052936	12.1297631772335	8.03084351885525e-12	5.19177587418436e-12	3.41616001112033e-12	2.77046673799194e-10	17.2845914576629	17.6808793670326	18.0550778106308	13.7238938692148	594.263122986411	8.54992052870461e-14
hsa-miR-142-5p	13.5672849136916	12.7531798715939	13.7188956726965	13.3804307341081	0.371828781443756	0.378451050733425	0.363921438749855	0.51917647137204	1.05379203503496	10	13.3388592859187	1.01086780014385	36.2913196425702	33.5167259398007	37.494220682856	25.6335000894269	12.1297631772335	9.59471318342771e-14	2.49551340064281e-13	6.48136035585427e-14	6.18342397836037e-12	20.8613279804306	20.1076569811757	21.2143784411622	16.7581910500069	1125.83092764307	1.80387797550593e-15
hsa-miR-146a-5p	13.1435614882519	14.2429493553802	14.9741065332812	14.7316482870394	0.372139382520196	0.366968674082454	0.357392470174901	0.508359249846835	1.16127930110597	10	14.2177435106636	1.20715519553253	32.1459211103851	35.3255866898299	38.1341408598207	26.3754001729062	12.1297631772335	4.11969696031059e-13	1.32701182046964e-13	5.28705438474999e-14	4.39936096281763e-12	19.7769574421333	20.669807124266	21.4216152122825	17.0720204131389	1107.78293810335	1.98903288982233e-15
hsa-miR-146b-3p	6.47239220334583	5.8370246268934	7.39091340755428	7.81565447106902	0.520112645784197	0.654840552789301	0.424131240529308	0.554725804612486	1.0412568432445	10	6.73595845218623	0.989217056336332	12.5118524714046	8.96210775302108	17.5207242015922	14.1658025564811	12.1297631772335	2.70110870364494e-08	1.06547170693436e-06	5.56738701149819e-10	6.55455498730809e-09	9.60701081009916	6.02021812063359	13.3808032962906	10.8887675181577	186.127891565105	9.04472396073497e-11
hsa-miR-146b-5p	15.4638711229052	15.6329754060516	16.2201155984862	16.5107154739894	0.360624614374112	0.360709316436496	0.351784033157839	0.497219075647535	0.874254399859031	10	15.8643764941611	0.725489683215774	50.343943926152	50.8825261780327	54.1330130736657	38.9854445665391	12.1297631772335	1.85612081151123e-15	1.63228089798031e-15	7.72525094195622e-16	4.05305058842738e-14	23.5157540510117	23.5863004597221	24.1312892076964	20.0861096690659	2393.44803819552	1.87901742963994e-17
hsa-miR-148a-3p	12.0650492748115	12.1216126520444	12.175714200538	12.2562670065853	0.376710953376848	0.380389848249598	0.372761006233695	0.528332439770624	0.888191466926047	10	12.1340594603093	0.745740141438629	37.0874600474954	36.9009649925638	37.8242399191844	26.8631647710508	12.1297631772335	7.39036672831398e-14	7.85245927469626e-14	5.83264554321892e-14	3.53483848538333e-12	20.9998799258931	20.9224674738799	21.2027476870068	17.0903968815041	1222.36591428441	1.09687878819746e-15
hsa-miR-148b-3p	8.52378261799979	8.45741552087114	8.87403617505666	9.1525064345468	0.43165019645554	0.450487096179461	0.390855552045003	0.543522940268132	0.841584485715704	10	8.64620886343842	0.679275830351177	23.9594774216686	22.7788729290005	27.5474769503869	20.4314450026686	12.1297631772335	1.38227167906205e-11	2.52000475382664e-11	2.6172331148894e-12	9.13645356789368e-11	16.6189847369366	16.0366171065532	18.1924755132209	14.5868166802775	567.310260366043	1.1310810629721e-13
hsa-miR-150-3p	9.01188745770918	9.49842915527613	9.18392323398723	9.79940727930984	0.427705367738586	0.414272762322062	0.38894141607916	0.556913553510734	0.683517126369924	10	9.31844301385157	0.480534287722518	30.3954703412181	33.0752562037894	34.062919102175	25.3834021242465	12.1297631772335	8.06235532074453e-13	2.92620681163798e-13	2.05512196971282e-13	6.95024381002296e-12	18.8621822313765	19.6969637847333	20.1633209829575	16.4327291317571	955.614187843174	4.8588260107906e-15
hsa-miR-150-5p	14.9627122176052	14.4522197075644	14.9461320985713	14.6645690989331	0.363262041827116	0.365925802616645	0.357658923963974	0.508785644447931	1.54403063884289	10	14.7774325247367	2.06080829937209	28.6927058480589	27.512035538546	29.1099160784305	20.0777785522317	12.1297631772335	1.60799821027583e-12	2.65781610118935e-12	1.35285218849615e-12	1.12281239795191e-10	18.7467978796804	18.3139297639071	18.9213203145792	14.5592347017758	707.671968510793	2.98104455461493e-14
hsa-miR-151a-3p	9.4044593633501	8.15212397714755	10.2816004434248	9.84681410479343	0.42756943122272	0.467027321778169	0.382821606060467	0.557119909781621	1.38292110499347	10	9.21407656109504	1.67204569604746	17.0099530537863	13.4990876260968	20.7701776212467	13.668567091395	12.1297631772335	7.86754777791097e-10	1.13870952316469e-08	7.5230656278798e-11	9.87316730710147e-09	13.0525660578015	10.4719070165684	15.3137714293249	10.510290679915	272.448468594789	9.29241916477264e-12
hsa-miR-155-5p	15.8375912567831	16.4878138636889	14.3692633610332	14.9176690199612	0.358985356593605	0.356012372142956	0.36045788852107	0.507126427385887	1.20221073058068	10	15.4674245848085	1.28691027741881	38.8900285630562	40.8247797561778	35.1403300038387	25.9304819932872	12.1297631772335	4.17441533432299e-14	2.32613671310561e-14	1.41359367655439e-13	5.3896236855886e-12	21.5722214315332	22.005580123437	20.6787371227577	16.9338929054705	1271.58241323966	8.63922248926917e-16
hsa-miR-15b-5p	7.19650517233693	6.5435017247783	5.64912602510734	4.40342731195876	0.501326216345643	0.562636315374348	0.600676446944689	1.3251589798522	0.70271359694472	10	6.00165735294296	0.50247266928955	20.2509314456536	16.4068889559526	13.2673576921666	4.68777356540964	12.1297631772335	1.01458666687776e-10	1.19848325891046e-09	1.38755024660702e-08	0.000510344931416325	14.671840147918	12.3810077368893	10.1337961343392	0.115468137290163	219.321057690492	3.39985236497712e-11
hsa-miR-16-2-3p	10.5846372298867	11.035475117714	10.0223061615587	10.3207318780601	0.405466499444892	0.379793199844924	0.384760107360804	0.552470866379539	0.844332198304163	10	10.498063745445	0.683094878116651	31.5849712404837	35.156314175549	31.5164370018733	22.602714532134	12.1297631772335	5.08843859908673e-13	1.40588758726561e-13	5.22275192746732e-13	2.76327154413969e-11	19.3679168031474	20.5160267513634	19.5028795425754	15.4677630552951	934.436335046569	5.56345427117862e-15
hsa-miR-16-5p	7.41367598601936	7.4788155460659	6.47273476763228	6.69541170554802	0.474939988844592	0.496878543547748	0.469144643950424	0.683203055109889	1.00894941331141	10	6.93324902142069	0.934610141086432	16.1465454378516	15.5692371681172	14.2713745509502	10.1370652734783	12.1297631772335	1.44365445338953e-09	2.20319954500704e-09	6.01849207619895e-09	2.81713443346331e-07	12.4097786924988	11.9829652720592	11.0806800424581	7.26968829630405	202.38607487649	5.49154065558642e-11
hsa-miR-17-5p	9.53270654976863	9.87036712056419	9.40678044223688	8.72161048870623	0.423454761578266	0.401895960591882	0.388554750119468	0.541075236314973	0.545932545396863	10	9.49140260295563	0.341081179326315	38.5460894997119	42.0524000316918	41.4533761242796	27.6000679455621	12.1297631772335	4.64560687428388e-14	1.62772127162531e-14	1.93496800947203e-14	2.55824230227787e-12	20.82823438893	21.7106948895247	21.7613472489948	17.2174007717182	1433.58787671147	4.18239703995913e-16
hsa-miR-181a-3p	7.23193522350431	7.79279470749672	6.85565977420085	7.27683996160007	0.472261689608403	0.47821422949158	0.446848310267772	0.597249761467633	0.87337055269715	10	7.23854224201339	0.72421625905095	17.994412651271	19.148581404476	18.0283093400752	14.3170223627725	12.1297631772335	4.07343350618283e-10	1.96258099946275e-10	3.98454566976359e-10	5.80151465294677e-09	13.562762753895	14.1895077558266	13.6429936684507	10.9210097065952	305.11603086641	4.71410269874381e-12
hsa-miR-185-5p	8.64437345984609	9.08208747196786	8.83308510845939	9.14482386168583	0.431863169883903	0.435029467241478	0.391030622839439	0.54345277216678	0.932258663729851	10	8.77704468990218	0.811876745267543	22.2147946026646	23.1697823393832	25.0701304784886	18.6753386349884	12.1297631772335	3.39327759993236e-11	2.05891061776159e-11	8.05900584087441e-12	2.63411669294431e-10	15.8623107647629	16.2721364981741	17.2569081137192	13.7244643668853	501.903907058226	2.36626520833473e-13
hsa-miR-186-5p	10.6425399174979	10.3307969139116	11.0330648595702	10.892915539112	0.405787825237837	0.389622308118297	0.380651108372965	0.542183650073212	1.03637715926911	10	10.6575134174131	0.980858939858166	26.4815253793415	26.7723646719679	29.2661635446516	20.2859075481445	12.1297631772335	4.19345131239998e-12	3.6807029988729e-12	1.26887391111719e-12	9.94124930071716e-11	17.7270435010778	17.9197714422051	18.8365596392996	14.5250264261931	671.514267554927	4.09087386810006e-14
hsa-miR-18a-5p	7.78925871154514	8.15610331113449	6.93554898529871	7.13051921207857	0.439825834241434	0.454210690554395	0.438805852952652	0.605326204160897	0.610008566427868	10	7.65705681524281	0.402144289883086	27.9270099874291	28.316163622785	24.9239848455724	18.5755091499179	12.1297631772335	2.22228520246378e-12	1.88331852087366e-12	8.64042812941269e-12	2.80532707533733e-10	18.023454554876	18.0508387870544	16.9678403686644	13.443723127858	636.994392477827	5.62456062093963e-14
hsa-miR-191-5p	13.3405250931851	13.4810336496446	12.7804474242373	12.5523006922497	0.372045655761816	0.37214923775062	0.368684334928173	0.526873788627609	0.945957735800182	10	13.1022869700513	0.833088883909402	39.2853852564301	39.688107386497	37.9791904344509	26.1018368651892	12.1297631772335	3.69575026443275e-14	3.26859271255149e-14	5.55260583681231e-14	4.98229235407538e-12	21.5221134140611	21.6036140357787	21.276977083605	16.8617718400703	1310.55303911537	7.19740983581695e-16
hsa-miR-192-5p	10.3514895349208	9.78421201807118	11.1091496772324	11.1762589554591	0.414203918287345	0.407041591479024	0.380199746099603	0.536488370855296	1.06372097321929	10	10.4529687141576	1.02820091329394	24.6461820357572	23.7054429468736	28.8157550039356	20.5445744902341	12.1297631772335	9.87457033277954e-12	1.5691124482938e-11	1.52772556517033e-12	8.55951165763893e-11	16.9795345065087	16.6205714188426	18.6902203941825	14.6689152461098	605.452397919694	7.64031429501074e-14
hsa-miR-194-5p	6.23333285132648	5.45360627052136	6.67343162477811	6.13997166191418	0.599538654580046	0.684190638272183	0.450604981202177	0.779739056724367	0.971030444507695	10	6.13755788062814	0.87271380117969	11.1292835452831	8.53239064498915	15.8532133666381	8.42909903321528	12.1297631772335	1.00542254381649e-07	1.79226493474048e-06	1.78641369326017e-09	2.03679343437308e-06	8.30043897776156	5.51335066151136	12.2501672570455	5.35910474633274	129.759181727478	7.68672268738709e-10
hsa-miR-197-3p	9.44355949286139	9.07269077111578	8.38571089658554	7.73886282583228	0.421742586045197	0.421929428869817	0.392853104360636	0.557436890995248	1.4148299288899	10	8.93191591343785	1.74564395492675	16.947686801922	16.2749047946837	16.1559262490899	10.5076018302693	12.1297631772335	8.21170195262204e-10	1.31662425717821e-09	1.43393671896224e-09	1.89965389575393e-07	13.0214274847999	12.5756403905335	12.5238918358044	7.71093627170528	230.880065800392	2.50166615046423e-11
hsa-miR-19a-3p	6.31500129898918	6.37856598670038	6.28103223934985	5.73352886109265	0.606275067309982	0.616270414632427	0.468583004053291	0.893657946976903	1.16420105378745	10	6.12528898700108	1.212756688623	9.45838300979002	9.39863739141947	12.1718796896633	5.82591094845825	12.1297631772335	5.97999017190848e-07	6.40255011772874e-07	3.68728065706103e-08	7.79694118169951e-05	6.58792994177232	6.52003725116362	9.32953504082503	1.88076886362058	89.9728218835691	6.607300146991e-09
hsa-miR-200c-3p	8.32929993094497	8.15048018624962	8.66338912689334	8.36765116468759	0.433676603887483	0.464692659613317	0.391738713308854	0.543427574081732	0.631069102728088	10	8.33025504822593	0.423692741341486	29.5064523237997	26.9458490024263	33.9754969146911	23.6557315837675	12.1297631772335	1.15052952787423e-12	3.40743833080054e-12	2.11955399501496e-13	1.60877405688623e-11	18.5574741003378	17.5418067188257	20.1173458415844	15.9180135553317	827.659383640416	1.15797098825583e-14
hsa-miR-20a-5p	11.7211708908912	11.9316686033375	11.400883503199	10.9791274775573	0.379203821740515	0.380604142852765	0.378228341286415	0.540285281802589	0.571377884977186	10	11.5816133127121	0.36451967759054	51.196209016767	51.9238853779284	49.9256756674789	33.6576819379756	12.1297631772335	1.5155083003474e-15	1.27798051247647e-15	2.05286157250602e-15	2.37285168448818e-13	23.3506684340206	23.4182002238102	23.2034068747316	18.676275428568	2235.63858368024	2.84000204775371e-17
hsa-miR-20b-5p	6.12793055779511	6.88384087676647	5.09787121614117	4.84628513190837	0.608163462034079	0.599974116828166	0.624101356505826	1.13776624212266	1.12422586710025	10	5.70885683219619	1.13733865115118	9.44818985310809	10.7585417250818	7.65929566033188	3.99402720920259	12.1297631772335	6.04991294384945e-07	1.46403931789917e-07	5.48431033453033e-06	0.00174438534022717	6.57635144217942	7.94358715915544	4.41484271070286	-1.0217590830306	69.9078937277325	2.86191247539417e-08
hsa-miR-21-3p	8.93562639052385	9.17850489832877	9.55030293271588	9.94936071479095	0.42867980226588	0.435824934199694	0.388064812903137	0.556630047808076	1.09334708091607	10	9.19156073219594	1.08088580874271	20.0494319703694	20.2567590979307	23.6713471404109	17.1924837494475	12.1297631772335	1.14168819990244e-10	1.01114602449216e-10	1.59619989923228e-11	6.94533782123301e-10	14.8136413998727	14.9001031697075	16.6817489304288	12.8658478675449	417.057546100731	7.21370062560505e-13
hsa-miR-21-5p	18.7714972753091	18.7714972753091	18.7714972753091	18.7714972753091	0.347321172893628	0.348000102470082	0.344356406038118	0.486032948755571	4.76646557423476e-15	10	18.7714972753091	0.0953695856466479	175.009936773097	174.66850175223	176.516700262411	125.062830953547	12.1297631772335	5.19661327510089e-22	5.3211317860746e-22	4.68356595215218e-22	3.05451637752531e-20	28.1682604600133	28.144670521207	28.2718213346709	24.1162147805962	26984.1051578344	7.88197390016675e-24
hsa-miR-210-3p	5.41405036681955	6.35064265072388	5.9401135392442	5.78925354710936	0.807086972496877	0.631287570878823	0.539139678958151	0.838656311160807	1.34810909733432	10	5.63272205492376	1.59366605834832	5.31377661028118	7.96877886740961	8.72759910065556	5.46814332480719	12.1297631772335	0.000177576366855739	3.65307366728629e-06	1.41179263713824e-06	0.000138023866430031	1.05870941535875	4.81834883559192	5.73163380694552	1.31709854617621	49.4523089960106	2.07600188348287e-07
hsa-miR-2110	7.38442899784275	7.26415048061417	7.67299531043689	8.38317508101619	0.454994360451025	0.485110207763195	0.405569278683789	0.543336755334923	0.673597028637864	10	7.71562524143074	0.469435385910068	23.6877054234043	21.8552866644975	27.6128968562037	22.5191264575536	12.1297631772335	1.58314150348978e-11	4.11738233586777e-11	2.54407140453351e-12	2.88747913176203e-11	16.3975604980676	15.4817413300856	18.1307676484357	15.4826583804788	577.086018153993	1.02038397605119e-13
hsa-miR-212-5p	6.90943045731949	7.63332204180656	7.70380076529119	7.93874927302902	0.505462466059678	0.487906598392132	0.405353296145602	0.550836157043456	0.948723160125585	10	7.42027549581026	0.837408503807921	14.9377317024607	17.0965393537612	20.7683813794134	15.7492893791017	12.1297631772335	3.55733842112607e-09	7.41459844907675e-10	7.53076099923501e-11	1.92813101131287e-09	11.5279760876002	12.9892556208933	15.2523649521111	11.9945741769364	298.698316839213	5.35495698339763e-12
hsa-miR-22-3p	10.993221809761	12.1787186260476	11.1503128621408	11.6190812817261	0.39389365935493	0.380175981245583	0.379747974574939	0.530857253273977	0.782799190124007	10	11.451537813386	0.600552220381782	36.0139379878553	41.3372453666066	37.8892665640335	28.2435085328709	12.1297631772335	1.05221570041614e-13	2.00150117124453e-14	5.7133060536927e-14	1.9420922496629e-12	20.5920019808179	21.8360622124903	21.147839076394	17.4755258073541	1309.76596972472	7.22361159450049e-16
hsa-miR-221-3p	9.70716367669833	10.492258315348	9.69021035781726	9.71730573799313	0.421340554965114	0.385534338377829	0.387535586395066	0.555574087844011	0.876965794274999	10	9.948535915435	0.729404226794348	26.9758384275764	31.8655758394338	29.277735184151	20.4795187795897	12.1297631772335	3.36246476473287e-12	4.57621375466672e-13	1.2628826806984e-12	8.88630908442291e-11	17.8170441229685	19.597691155948	18.7971937959681	14.5566111159151	754.926812351565	2.01796214640861e-14
hsa-miR-221-5p	9.31603217862048	9.42778017331351	9.08075289389902	9.47182650106483	0.426192890901131	0.41913689854332	0.389708295736318	0.550431172513057	0.489405973990624	10	9.28711380375111	0.292832803912332	40.393819062778	41.5665221805494	43.0598332898916	31.7995409064111	12.1297631772335	2.64338955964886e-14	1.87244068459183e-14	1.2235970604952e-14	4.69152602856626e-13	21.1380274644308	21.4226785008391	22.0291351223955	18.1935174342976	1556.19910736858	2.54546920111133e-16
hsa-miR-222-3p	11.9961475072835	13.0224118539191	12.0453454532184	12.1563092630648	0.377088377588419	0.37610475123237	0.373771244400476	0.528667701099456	0.988204260712078	10	12.3244825854129	0.900453449709553	33.5249406096964	36.4881608360163	33.9611775454265	24.2319480401479	12.1297631772335	2.48817980774519e-13	8.99035754429232e-14	2.13031437030063e-13	1.20825141842466e-11	20.1208086285283	20.8680696982915	20.2632019774563	16.2133654822607	1048.96410254277	2.76619850207726e-15
hsa-miR-23a-3p	7.6882355357702	7.71856435971392	7.66498450909941	7.05162609373077	0.458636397098136	0.474748935908529	0.406383049455736	0.617253085603362	0.766387233820907	10	7.57036355044585	0.579591234150114	22.0189831189994	21.3555925166612	24.7750644157152	15.0060055345427	12.1297631772335	3.76885927609622e-11	5.41495021842644e-11	9.27982900492295e-12	3.37480963512609e-09	15.6668102909788	15.298819753583	17.0678457230943	11.350005695519	444.970242059505	4.88522324974864e-13
hsa-miR-23a-5p	6.66263266630205	6.70095571758268	6.53159856753562	7.51294826737619	0.524665261913313	0.524179944271752	0.451354123613809	0.569163487837912	0.806778465860568	10	6.85539362499176	0.631976511491664	15.9739783189803	16.0807344039524	18.203361839461	16.604388939092	12.1297631772335	1.63569998515547e-09	1.51385979787936e-09	3.55763667696444e-10	1.04254675670507e-09	12.1987692099173	12.2690112573769	13.735261626013	12.4831158973877	280.206529151173	7.85399642941446e-12
hsa-miR-24-2-5p	7.19791743163024	7.6726919066483	7.10180816942926	7.46551669272517	0.493899696910175	0.504561319697491	0.424532831676873	0.575245186882082	0.944052102481762	10	7.14564993816768	0.830119604404646	15.9954979915486	16.6902741576226	18.3606190334244	14.2441501196297	12.1297631772335	1.61031363781675e-09	9.8169669155467e-10	3.21605393932263e-10	6.15205006087559e-09	12.275088539459	12.6998616389648	13.8871359307505	10.9106585006704	268.607337843833	1.01170687133791e-11
hsa-miR-25-3p	12.0055616924265	12.0520452735681	11.5764996218452	11.5679679121061	0.377025557016292	0.380672031620047	0.377334985775109	0.531267516977216	0.617968401843598	10	11.8291490030357	0.410202563090013	49.7178693431385	49.4322751624304	47.9017084436849	33.9973156559075	12.1297631772335	2.15890106087917e-15	2.31441801355159e-15	3.38333223120966e-15	2.10327104393271e-13	23.1935877322239	23.1030587583114	22.9402983483133	18.8315256110299	2091.45187584671	4.25244563462579e-17
hsa-miR-25-5p	7.66483132572029	8.69520024355166	6.84588741944974	7.40283428058344	0.456006092905086	0.445341820334123	0.440462162200111	0.576662756743502	1.40946217079707	10	7.63676984065741	1.73314567565031	12.7677515373314	14.8309364509394	11.8060226629831	9.75121180188577	12.1297631772335	2.14726910103275e-08	3.86454561944877e-09	5.1980002166305e-08	4.29982181088358e-07	9.86155189243639	11.525596025622	8.99063395201872	6.91266090593466	154.360114513734	2.75059245243221e-10
hsa-miR-26b-5p	12.3796643764448	11.9560274319735	12.2924351265396	12.6812440686373	0.374969021275807	0.380701623555815	0.371949777487612	0.526028268454936	1.18605816921556	10	12.2756687224976	1.25510696898097	29.4695233193328	28.0324982289227	29.4994046499436	21.5185204508041	12.1297631772335	1.1679133225755e-12	2.12432319561376e-12	1.15382539108709e-12	4.94895791481899e-11	18.9382115427778	18.4197082010242	18.9666017448617	15.1508229895396	746.883839679011	2.15276203691259e-14
hsa-miR-27a-3p	11.4847217238907	12.4226929245904	12.0985144765006	12.195924951796	0.382982429101195	0.379824470255537	0.373357306200416	0.528535178922255	1.03241165539734	10	12.0168382795166	0.974095584354382	30.3837126373608	33.1384370922737	32.8327006259314	23.3797604465043	12.1297631772335	8.09982284816518e-13	2.85992121160426e-13	3.19654704268513e-13	1.8496060960248e-11	19.1763546726277	19.9951426902609	19.9617288791229	15.8972891471595	911.481358869064	6.46564726707117e-15
hsa-miR-27a-5p	11.1360346553515	11.206749843609	10.7320469205791	10.8372028159725	0.389075446664436	0.37918173738423	0.381489782958918	0.543239342587765	0.801328376025128	10	10.9989019896916	0.624751039217223	36.2112282141904	37.3920066250586	35.5914890397387	25.2390202798677	12.1297631772335	9.85307181178616e-14	6.69779870028772e-14	1.21261149015746e-13	7.4392750165816e-12	20.6826572766738	21.0442805725574	20.606705719622	16.4736590065501	1153.2943612455	1.55925955505015e-15
hsa-miR-27b-3p	9.68167293789944	9.83175230629141	9.94562048846312	10.3125954727664	0.425039728615713	0.40391588474664	0.385652590907379	0.552691555939848	0.993869763007993	10	9.80976019836726	0.909711210778734	23.8819128082677	25.5204437953786	27.0385785402379	19.5629065069856	12.1297631772335	1.43663151749776e-11	6.51809107265079e-12	3.27043870059535e-12	1.52527339515414e-10	16.6170911842288	17.3742499953212	18.0382525023521	14.1379260938905	583.857712843113	9.51082898091512e-14
hsa-miR-28-3p	8.19402213224326	8.31778869144632	8.82858967558751	9.12942456496594	0.434262792799389	0.452163864885858	0.391037088973107	0.543113364127836	0.280643143090747	10	8.57913741626759	0.160301252170592	47.1276792803979	45.9455625623064	56.3903673920036	41.9840622863173	12.1297631772335	4.11846973574127e-15	5.59582902359873e-15	4.71508277826655e-16	1.65994355696937e-14	22.0451066151619	21.6488276783055	23.7365085985675	19.9712096346861	2318.63697354734	2.2774577661177e-17
hsa-miR-28-5p	6.72048121363157	6.63894799763843	7.27390054165828	7.38944793773914	0.507747225450103	0.561758349412591	0.418552760857688	0.581375777193039	0.628008850353465	10	6.94762127382915	0.420516177842715	20.410867259277	18.2246155928577	26.799444581069	19.6003445771469	12.1297631772335	9.24584231281342e-11	3.50926433344915e-10	3.6365314674197e-12	1.49129336426951e-10	14.7240229368678	13.4229968737314	17.7709680892092	14.0387540505688	462.780963294985	3.85740042761534e-13
hsa-miR-29a-3p	12.8567212745354	12.91705633931	13.3833439333347	13.1937694242914	0.372990183780277	0.377427131599816	0.365549362594856	0.520986821287405	0.830796032216204	10	13.0591074187222	0.664401344190522	42.2880418137562	41.9870329665181	44.9162361696954	31.06897324871	12.1297631772335	1.52169984101785e-14	1.65852857899818e-14	7.35488271472117e-15	6.19970742219355e-13	22.0934820489274	21.987166387736	22.6386389466943	18.2863150190218	1633.4846970386	1.89836326054827e-16
hsa-miR-29c-3p	6.58653149291765	5.22777486436856	6.46447149068504	6.99029997627662	0.538614650500869	0.709612902210654	0.477157817191259	0.629435179583605	1.67893556808294	10	6.23747721119715	2.41926049809634	7.86207700805231	4.73646198388103	8.71023082486773	7.14008667314167	12.1297631772335	4.19711563536773e-06	0.000469220741269734	1.44185327084073e-06	1.11271271749222e-05	4.63815450338538	0.0353299688947128	5.67134038745628	3.71444816324879	52.7738214319365	1.43531336943752e-07
hsa-miR-30b-5p	6.40290760317179	4.97264519339852	6.83522145395578	6.42176923099963	0.575819658802898	0.765665198700169	0.437247180849478	0.73051259527857	1.16345719278834	10	6.13504623518579	1.21132924592392	10.1032161753514	5.90088924650384	14.2034703942425	7.98722438513759	12.1297631772335	2.92207744912128e-07	6.93318216888486e-05	6.35760604649934e-09	3.56691952195052e-06	7.28869222052694	1.96382621104785	11.0533335819984	4.84370997554297	100.607448901011	3.43667282025288e-09
hsa-miR-30d-5p	13.8255305574321	13.3968196324591	13.8477915953751	13.4632325113263	0.371132488036254	0.372980656220312	0.363258191742139	0.518344211259223	0.875258042156153	10	13.6329322424844	0.726937266866412	43.6922456225608	42.1276210034228	44.7112318403044	30.4636983571263	12.1297631772335	1.02633639543267e-14	1.59303400569804e-14	7.77212477317091e-15	7.84860384586138e-13	22.3633164040694	22.0644085732673	22.6333129562548	18.1608273175763	1652.71998730541	1.76851617840715e-16
hsa-miR-30e-3p	8.98242962152545	8.79438142554497	8.816455653154	9.08914105857748	0.427788406754111	0.437899522394041	0.391046906858665	0.542499464868008	0.620624235296677	10	8.90848992091636	0.412914483934955	32.6764413868949	31.2536516803682	35.0861013720376	26.0731480600578	12.1297631772335	3.38494086561911e-13	5.77442534330177e-13	1.44008004915005e-13	5.04810179979347e-12	19.4810802687092	19.023788410962	20.3990865652489	16.7484552818385	988.846031079887	3.95194811269979e-15
hsa-miR-30e-5p	11.1427785246985	11.3684674698226	11.9686603258488	11.8202959513588	0.390281846533285	0.379350781861823	0.374405314683404	0.529796365856411	1.29780322518376	10	11.516709578529	1.48393190684567	23.437331401635	24.6010675475312	26.2419769905343	18.3152305111438	12.1297631772335	1.79632194631523e-11	1.00923873014897e-11	4.67388318952061e-12	3.31085402212746e-10	16.5703843410036	17.1143437161153	17.7958164417988	13.5781612169227	544.652513189081	1.44605248161813e-13
hsa-miR-31-5p	5.63734812234319	3.59430020480854	6.89508962554856	5.35455075198946	0.664259035287927	0.988712671040396	0.444291049931029	0.979853401370322	1.27053301956596	10	5.40736651118248	1.42619041884907	7.10638327345091	3.04407599532003	12.9952187314166	4.5758647297047	12.1297631772335	1.16635458234893e-05	0.0100848550998709	1.75692855766836e-08	0.000619779857639824	3.68227571113743	-2.74750856975192	10.0609532102158	-0.0872702314347338	62.3953324490959	5.50938681010209e-08
hsa-miR-32-5p	6.85479735181922	7.03194244293909	7.04177857884481	6.85164036116647	0.542782440329873	0.522552751852031	0.424832198365364	0.662259340229293	1.57854689885713	10	6.83406824151715	2.14966386615527	8.61357724611946	9.17825014811697	11.3052367594072	7.05636746160592	12.1297631772335	1.62214953283616e-06	8.2606333171716e-07	8.44253013150454e-08	1.2510946459874e-05	5.59451763035548	6.25976564352028	8.50069318645581	3.61218631088328	84.0086721739345	9.85671708072375e-09
hsa-miR-320a	12.9386268210202	12.9288362473232	13.1462902892908	13.108131626907	0.372654697211334	0.376854005311677	0.366762341006669	0.521826702617716	0.815860486528653	10	13.0264175618729	0.644125834019327	43.2609675464001	42.7465373214258	44.6614812528733	31.2989044336463	12.1297631772335	1.15674272309807e-14	1.33620398925436e-14	7.87719776340307e-15	5.67510065082337e-13	22.2703175736437	22.12989243936	22.5811469456082	18.3337131121183	1668.2617731175	1.67111787555757e-16
hsa-miR-328-3p	8.49140932303677	7.89199798295719	8.67509160685207	8.0789748122156	0.429319848605379	0.466292782657715	0.391445138883889	0.546969992331316	0.864039602378475	10	8.38478609080808	0.710851045234904	23.4590005568057	20.0742333840968	26.2853559291378	17.5187635125198	12.1297631772335	1.77669804464961e-11	1.12515455001176e-10	4.58265087128941e-12	5.57468233398631e-10	16.4204212532616	14.7093840854321	17.7288915767385	13.0818896750018	487.781641103113	2.81006064326879e-13
hsa-miR-330-3p	7.65257422227249	7.34513535272689	7.34382422977614	7.45543773534201	0.449586133258464	0.505668713991343	0.416376286210088	0.57310759522516	0.760182563070765	10	7.4089709470545	0.571782455999686	22.510193587864	19.2095993009835	23.3249581704235	17.2036885077055	12.1297631772335	2.90110557779832e-11	1.89044999015777e-10	1.90191759621585e-11	6.89266170764161e-10	15.9231863804589	14.1330457863305	16.4179457389088	12.8226609152248	428.934523147406	6.09253091899865e-13
hsa-miR-339-3p	7.19430581722731	6.51281636505192	7.93577679872261	7.86612866637916	0.488851865486803	0.583513821948785	0.399158980850676	0.553291034634516	0.710045712331284	10	7.20869554065166	0.511012419091505	20.5871339710041	15.6135607632349	27.8117176589499	19.8880262885026	12.1297631772335	8.35275938775045e-11	2.13176732421692e-09	2.33496857913516e-12	1.2559121973556e-10	14.8816539253385	11.8292809122664	18.2369235802229	14.2917329638919	459.159648410154	4.04419750264235e-13
hsa-miR-340-5p	7.01555151952404	6.61516067799216	7.19807989920583	6.48967181893086	0.533356174863803	0.535422130081426	0.420928996600404	0.732490507872876	1.33972658092154	10	6.77992376791958	1.57509123016856	10.4807324394106	9.84444468760569	13.6255788794445	7.05940140934186	12.1297631772335	1.95396951443925e-07	3.87751737425381e-07	1.02354503786076e-08	1.24577196918071e-05	7.68748849762522	7.01384970132308	10.5962990671487	3.63420819030594	110.562597933005	1.97487124754158e-09
hsa-miR-342-3p	11.0661902657008	9.83496961794902	10.6538880391698	10.4198231221534	0.390236701726691	0.402120865495474	0.38183030553469	0.550867054085396	1.40483154139907	10	10.5076332316964	1.72240189524183	21.6074130117235	18.6358483056774	21.2603537360206	14.4127316414375	12.1297631772335	4.71313873053192e-11	2.70045563907373e-10	5.70913854434193e-11	5.37346505437556e-09	15.7169699470798	14.0935665414531	15.5677605583281	11.0759638973637	368.476153370059	1.51882450298393e-12
hsa-miR-342-5p	12.1732857185068	12.3976414002901	12.2231751322202	12.895961537362	0.37587469681222	0.379764642391375	0.37240264482735	0.52395702471698	1.22296513085761	10	12.3725431331997	1.32840578712894	28.0995487207503	28.3242985325852	28.4777647562774	21.3546610428205	12.1297631772335	2.06449022193691e-12	1.87685854405057e-12	1.7593738229599e-12	5.41774688893477e-11	18.4702430012511	18.5260372281934	18.621024256066	15.0885556165629	714.713789860115	2.80811474993838e-14
hsa-miR-3607-3p	11.5311801373289	10.8463145390054	10.728813881416	10.7713121718859	0.381198622622801	0.380481198167042	0.381607225692768	0.544421745091476	2.234012985917	10	11.0129159188597	4.20988851591986	14.7430431380253	13.8935649759199	13.7025004298904	9.64268215791834	12.1297631772335	4.13885920717933e-09	8.18934262921142e-09	9.59695357510415e-09	4.85448383613124e-07	11.4950175708932	10.8189879320488	10.6612416307848	6.79320132169929	172.782076484891	1.40814931002543e-10
hsa-miR-3609	6.21115034639717	4.98938315521982	6.88726184071456	6.45644854541915	0.50065580062727	0.575322643263951	0.44398289990538	0.704548507982808	1.36149164218336	10	6.67561061822351	1.62356058546295	9.73640296129447	6.8061440971471	12.1743589131966	7.19198122440933	12.1297631772335	4.371323848964e-07	1.78554682673854e-05	3.67882222283138e-08	1.03519208933941e-05	6.88650130875748	3.20588227737037	9.33375043164067	3.8104863733053	85.2651872438548	9.04006000062314e-09
hsa-miR-361-3p	10.4987747051562	9.95100856316192	10.7957474433998	10.7643385557932	0.407835253245824	0.400575006766779	0.381356982943555	0.544717361733397	0.808452129752674	10	10.4352045525146	0.634205205560791	32.3250311146197	31.1938047932359	35.5472584520955	24.8142543580096	12.1297631772335	3.85397666432069e-13	5.90868022270061e-13	1.23087656022931e-13	9.10674925980939e-12	19.5527039526254	19.293475347679	20.5972620294517	16.3213597776326	974.328974210928	4.32144869468613e-15
hsa-miR-361-5p	6.95573580255965	6.36284038451215	6.92872824347494	6.32341499320089	0.501203994286911	0.570690182997701	0.440130768924906	0.741494218016944	0.35366027348815	10	6.67468763866481	0.198484203150862	31.1505400651358	25.0257817588972	35.3353032905961	19.1417192302176	12.1297631772335	6.00783733342001e-13	8.23083954088553e-12	1.32263183149093e-13	1.97087706013524e-10	18.4753940044732	16.2270816132034	19.9988073834812	13.1006891234884	802.90874318012	1.39100148956298e-14
hsa-miR-3615	8.83530156198672	9.03247165452564	7.94064783412515	8.21748532789906	0.428468372191613	0.434598832205796	0.400494486748707	0.544660178345674	0.689092416584886	10	8.49696540219263	0.48684331160203	29.5534375463367	29.7867724951766	28.4161207594423	21.6231374737624	12.1297631772335	1.12881526002703e-12	1.02734814833842e-12	1.80558058646736e-12	4.67270240799469e-11	18.6085541261715	18.6341483195813	18.433462924316	15.108045522238	758.923369927267	1.95465054063312e-14
hsa-miR-363-3p	10.0835662327821	9.51683228526381	10.1501532373419	9.36249020380787	0.419823220217199	0.424169583175034	0.383499232332268	0.54791105134448	1.46981421584348	10	9.71236951018774	1.87640504159883	17.5341373485436	16.3790835335087	19.3216764039213	12.4743527389279	12.1297631772335	5.51775499190717e-10	1.22238644484067e-09	1.7653093288417e-10	2.79443547395665e-08	13.396592385638	12.6431228021462	14.5248353230796	9.55200322740798	276.164251317073	8.56828363611518e-12
hsa-miR-3653	7.76111747423267	6.95897419150507	7.8415363834313	7.55426546668872	0.435989442766226	0.474467613938741	0.400265424722922	0.567549571420782	1.86540948174904	10	7.89272600811919	2.96414161668714	10.3394826647215	8.51901097105385	11.3789872394661	7.73105864902673	12.1297631772335	2.26831622318302e-07	1.82208712370674e-06	7.85169922993711e-08	4.98619808922622e-06	7.5117557657007	5.43150446505464	8.55922068482655	4.48351889248538	92.1822670324086	5.7342084811166e-09
hsa-miR-424-3p	6.95281388136802	8.12289864749192	5.07684345811662	4.35193961503606	0.528227314305067	0.485829905194066	0.626361590725893	1.30376066005078	1.28767327738654	10	6.17880113818515	1.46233977712369	10.8846784222678	13.8261939094488	6.70261859833653	2.76032895845803	12.1297631772335	1.28679615475834e-07	8.65847875200695e-09	2.07357871822635e-05	0.0171205987549155	8.09638006325877	10.7190099245306	3.09166784198063	-3.07054216253789	90.5460936028827	6.36671190800251e-09
hsa-miR-425-5p	8.89468964860045	8.8568699341786	8.45839310714476	8.19419428411855	0.428618195286193	0.439134792295363	0.3922464534388	0.544973292713112	0.925296531804754	10	8.59817500580462	0.801214917711228	23.1838566414499	22.5324235550779	24.0909721948617	16.7979592727452	12.1297631772335	2.04410961636402e-11	2.8673233123103e-11	1.29512795748228e-11	9.10760722023503e-10	16.3056475216492	15.976463410674	16.8461572713036	12.6656389406628	476.936924264784	3.21746565886728e-13
hsa-miR-4521	8.4888263152266	9.07562550331788	9.03343878609805	8.82548621589418	0.428339651311252	0.424152700165911	0.389872831670451	0.540862741794536	1.0615358911641	10	9.01373908721765	1.02437242911895	19.5807998661425	21.1409933835047	22.892920130588	16.1221380318938	12.1297631772335	1.50892961834971e-10	6.10245572201449e-11	2.37491577895518e-11	1.46927299300327e-09	14.5652206703231	15.3813341727378	16.3272760857867	12.2576101197015	403.589612866058	8.78809980492015e-13
hsa-miR-484	10.1412501923967	10.0288138189513	10.1185259114303	10.1207371439114	0.416580667478977	0.396871903576754	0.383786591523771	0.555929336009264	0.888294438397879	10	10.0729380356889	0.745890950127709	28.1873804176559	29.2591392393121	30.5273974942899	21.0792368886504	12.1297631772335	1.98885421713654e-12	1.27252574007425e-12	7.65456460208459e-13	6.31736582066008e-11	18.2574737973676	18.731437189069	19.2149994054502	14.82140233775	756.72046735433	1.98925691056083e-14
hsa-miR-5100	8.89141707749572	8.62892659698921	6.84146496205466	6.14852299434603	0.427722435180434	0.440888642327974	0.467612257938124	0.754795907008365	1.34976080777441	10	7.80958989187754	1.59733974910647	16.4478941444624	15.4856419644352	11.5761613232635	6.44529226699487	12.1297631772335	1.16414837615952e-09	2.34504821162471e-09	6.47978612624385e-08	3.02577833128306e-05	12.6844702477795	12.0057423550254	8.77505914881676	2.77265503482844	171.471908056831	1.47333441605057e-10
hsa-miR-532-5p	9.72361396958727	9.91472916312156	10.0825060917213	9.78509103796	0.424080828868138	0.401818787990178	0.384105406439873	0.556759200227884	0.642195626291318	10	9.82211857041712	0.435372285123722	34.7495095329915	37.3955759336809	39.7820980393439	26.6358817764172	12.1297631772335	1.61697097297155e-13	6.69011032112187e-14	3.17678816475655e-14	3.91233595852758e-12	20.0186758507361	20.8207113945599	21.4944336831136	16.8226992394312	1224.5107586536	1.08531055476539e-15
hsa-miR-629-5p	8.63615439399561	9.13379763236989	9.10306659023818	9.4834806702457	0.428553737841455	0.427467530190853	0.389540715961029	0.550621379820942	0.452908551653956	10	9.08103213999199	0.264479363936705	39.1849425738154	41.5482137618596	45.4400672708961	33.4902814278316	12.1297631772335	3.81145267833701e-14	1.88240833086901e-14	6.39484989793419e-15	2.51928077763582e-13	20.8932982814221	21.3203611161466	22.4135389445655	18.5431613142839	1612.02811375333	2.05651791368456e-16
hsa-miR-664a-5p	6.08919651774193	5.48160561879349	6.53492211731832	7.00049603289324	0.529871438583093	0.605286852264426	0.468674195857167	0.626473651754144	0.819650436139915	10	6.4945607170898	0.649235994782578	14.2622545977846	11.2394549527807	17.3048595262678	13.8683472920434	12.1297631772335	6.06288139894997e-09	9.00996392695973e-08	6.43609580923435e-10	8.36165629796429e-09	10.9990570625635	8.39954502572711	13.1598298138286	10.5399103468048	205.381618421051	5.03085528092116e-11
hsa-miR-744-5p	9.86043940755084	10.3591639960881	9.92807637435677	9.5940569724247	0.42033814378237	0.388770693126822	0.38534809174063	0.553334178542849	1.31268369799683	10	9.98884886161107	1.51595667033171	19.0525922236428	21.6415217483898	20.9251462765026	14.0822289963038	12.1297631772335	2.08213742218054e-10	4.62590094215994e-11	6.89008585211525e-11	7.01540783474608e-09	14.2940213733664	15.7381052706716	15.3874601992233	10.8290431976932	366.881913555953	1.55891217353658e-12
hsa-miR-769-5p	7.91076437085149	7.78883109977655	8.54772765813597	8.16760519827396	0.447829693406497	0.475030222362693	0.392173142496241	0.545435361807296	0.477275077748197	10	8.0465088806903	0.283165090399035	33.1959962790212	30.8128017468122	40.9593421526721	28.1404858019683	12.1297631772335	2.80094577905197e-13	6.84666646433658e-13	2.23571444804923e-14	2.02885739187107e-12	19.4367906965178	18.6075945689716	21.6294842260001	17.3366079936594	1130.23939279889	1.76175270914759e-15
hsa-miR-7706	6.64567928727973	7.38832865400681	5.67504265510615	6.11050354956736	0.535662400131563	0.519922774255085	0.593809991707086	0.778172931405853	0.780547068947859	10	6.30230926343844	0.597649570788164	16.0481475990886	18.3816316311395	12.3622728064557	10.1572835150711	12.1297631772335	1.54997841938937e-09	3.17316241643525e-10	3.09467618037089e-08	2.75638729453364e-07	12.2223483964419	13.6457217941621	9.40870199626835	7.19757795075888	212.855905032953	4.06467676441443e-11
hsa-miR-7974	5.03248795152192	6.80409447306042	3.1806351097799	2.75731500593549	0.813292632244293	0.667140701513084	1.0004020194031	1.48125507632766	1.33514321233906	10	4.36435779762225	1.56498393129263	4.9463058208141	8.15263419944331	2.54146625467018	1.48799540912825	12.1297631772335	0.000327865902807358	2.88465731683039e-06	0.0256889833012326	0.16228203556178	0.46049426162972	5.05390240342011	-3.6142292959375	-4.91148501106402	24.9011416810416	9.07917492845635e-06
hsa-miR-92a-1-5p	12.5253508905501	12.5816404377147	11.2288410682725	11.711479512132	0.374267961029213	0.379181906801878	0.379151161015583	0.530385052975215	1.0955952618637	10	12.0730620064821	1.08494288586664	32.1294885108562	31.8556319648741	28.43276571685	21.1990816833217	12.1297631772335	4.14505008973401e-13	4.5933802406977e-13	1.79297600569915e-12	5.90750555394187e-11	19.7565968479018	19.6417818986907	18.5667737045093	14.9909462673291	826.227137594044	1.17014743112839e-14
hsa-miR-92a-3p	8.64548828932716	8.13446621022962	8.26523840301177	7.9863663530574	0.428597922996869	0.454726178494274	0.393736235359373	0.548950751995613	0.820938103496306	10	8.37753889173313	0.650977605296231	25.0009459139403	22.171551157427	26.0175846455595	18.0315400103065	12.1297631772335	8.32879530406781e-12	3.47259862081688e-11	5.17824731862728e-12	3.97618378342027e-10	17.0496916987943	15.751396335361	17.6158079679443	13.3616431683299	529.669030812578	1.71075893285844e-13
hsa-miR-92b-3p	7.63290842066109	9.32816334788973	7.20945155272396	6.95176622156417	0.444347002886522	0.422691253208042	0.422417653824723	0.620302291695734	1.66198832724664	10	7.95744504049401	2.37258238819213	11.1521125918175	14.3272299186045	11.0802489068278	7.2758061927792	12.1297631772335	9.82760422378883e-08	5.75415809691245e-09	1.05602062512259e-07	9.21875023624775e-06	8.35672137631672	11.1582377044619	8.27430971738135	3.89738470611148	126.337100998318	9.00075490950483e-10
hsa-miR-92b-5p	5.82888923304204	7.78216007979288	5.43114524519499	6.44307593495996	0.590049972881581	0.473761800146393	0.561115688099101	0.712459360463263	1.06898749314864	10	6.54543188956445	1.03746074094061	9.69864743252027	16.1270259263251	9.50283460262331	8.87865779152946	12.1297631772335	4.55945632085245e-07	1.46410354136899e-09	5.68503511275409e-07	1.17695014468315e-06	6.85389604773945	12.3988910978081	6.63926235495213	5.90685598761352	130.819789228149	7.32582017782101e-10
hsa-miR-93-5p	10.0644809472696	10.1856674943092	9.50020139050719	9.20081039736972	0.41574833362028	0.391967595613236	0.388186530162983	0.544387595678897	1.19282770964824	10	9.83055019693215	1.26838337339743	21.4949081984503	23.0735309391642	21.7303679467363	15.0069553402758	12.1297631772335	5.01371931485608e-11	2.16328952751673e-11	4.40674992818741e-11	3.37234270578058e-09	15.581634045455	16.4016911003221	15.7834137408846	11.5091580804433	422.959127036488	6.62903782260523e-13
hsa-miR-942-5p	6.80637356681682	7.10812333176058	5.59248050180496	5.98056717633431	0.51471703217866	0.521634738976398	0.557655842003821	0.80698620995428	0.900135248027152	10	6.40058156435391	0.76334920973499	15.1351110555441	15.5964881031728	11.4782741203398	8.48231954940482	12.1297631772335	3.05666240665793e-09	2.15898148781998e-09	7.12549402491311e-08	1.90662719841376e-06	11.6522263708813	11.9555241042769	8.65560472757772	5.40584834116122	169.005637383986	1.60582476130984e-10
hsa-miR-95-3p	6.50189353415673	5.13455287626226	7.0578625451245	7.14821143911874	0.56482474110834	0.646671550538263	0.424757273918272	0.60955284693873	1.0906080155682	10	6.54672016206243	1.07595414137322	11.0976049577493	7.65459107562769	16.0190032847666	11.3054836279289	12.1297631772335	1.03780499698292e-07	5.51876944095644e-06	1.58306973350409e-09	8.4404744599969e-08	8.29161403106181	4.41547775069443	12.3973510081767	8.45741642745635	141.543006658018	4.59737104860798e-10
hsa-miR-98-5p	9.82791134410106	10.7636926101923	9.3807202404116	9.55696540398323	0.416937752106249	0.38122630386556	0.388581951351633	0.552555900558307	1.37929309343203	10	9.99317264847473	1.6637839147574	18.2743336062871	21.8892039403241	18.7156579245201	13.4089673185207	12.1297631772335	3.39885995907624e-10	4.04240693792392e-11	2.56819678035477e-10	1.22924649655301e-08	13.8516806029173	15.881722767264	14.1652614049883	10.3144901707411	335.791193497946	2.6532478503414e-12
hsa-miR-99a-5p	10.1187445350147	8.13406482233978	9.79778096678353	9.17352787318647	0.416882011518492	0.47701345440063	0.386804536670922	0.544013676195173	1.89699473748917	10	9.18796456435101	3.06211261391604	13.8708442929215	9.74465394924646	14.4752338330102	9.63642593676164	12.1297631772335	8.34442113090175e-09	4.3313292953049e-07	5.11238524095024e-09	4.88871549312084e-07	10.797671171616	6.88501698948972	11.2858187737884	6.78621584333186	147.437925336013	3.61041154522388e-10
hsa-miR-99b-5p	10.2050078119596	10.018003288571	11.0989827156671	11.1782330833237	0.410879764529231	0.396512235826562	0.380247360180895	0.536252782778549	0.998191234629657	10	10.5839213550582	0.916808327964067	25.9393634026574	26.3867134924118	30.4844028772395	21.7702956700199	12.1297631772335	5.36764956363837e-12	4.37689841796165e-12	7.78495687970051e-13	4.31193969043274e-11	17.498852151823	17.74095858008	19.2258089350874	15.2106880307386	693.088453751921	3.38022239522369e-14
