##FastQC	0.11.3
>>Basic Statistics	pass
#Measure	Value
Filename	WTCHG_189136_285_1.trimmed.fastq
File type	Conventional base calls
Encoding	Sanger / Illumina 1.9
Total Sequences	5098386
Sequences flagged as poor quality	0
Sequence length	15-35
%GC	50
>>END_MODULE
>>Per base sequence quality	pass
#Base	Mean	Median	Lower Quartile	Upper Quartile	10th Percentile	90th Percentile
1	34.48516177472636	35.0	35.0	35.0	34.0	35.0
2	34.52200206104442	35.0	35.0	35.0	34.0	35.0
3	34.45635520731463	35.0	35.0	35.0	33.0	35.0
4	34.50404834000407	35.0	35.0	35.0	34.0	35.0
5	34.52940126542008	35.0	35.0	35.0	34.0	35.0
6	39.37110116809516	40.0	40.0	40.0	39.0	40.0
7	39.39499166991279	40.0	40.0	40.0	39.0	40.0
8	39.43037129789702	40.0	40.0	40.0	39.0	40.0
9	39.394841034005665	40.0	40.0	40.0	39.0	40.0
10	39.39040060913395	40.0	40.0	40.0	39.0	40.0
11	39.380119512331945	40.0	40.0	40.0	39.0	40.0
12	39.36227798365993	40.0	40.0	40.0	39.0	40.0
13	39.35593342677467	40.0	40.0	40.0	39.0	40.0
14	39.34078216125652	40.0	40.0	40.0	39.0	40.0
15	39.35808449968284	40.0	40.0	40.0	39.0	40.0
16	39.27969914063334	40.0	40.0	40.0	39.0	40.0
17	39.33951952954729	40.0	40.0	40.0	39.0	40.0
18	39.34349360933531	40.0	40.0	40.0	39.0	40.0
19	39.356384536757496	40.0	40.0	40.0	39.0	40.0
20	39.344712010057016	40.0	40.0	40.0	39.0	40.0
21	39.374769475878175	40.0	40.0	40.0	39.0	40.0
22	39.36653318317509	40.0	40.0	40.0	39.0	40.0
23	39.34899618829007	40.0	40.0	40.0	39.0	40.0
24	39.2925952784221	40.0	40.0	40.0	39.0	40.0
25	39.36472257212391	40.0	40.0	40.0	39.0	40.0
26	39.37261086975593	40.0	40.0	40.0	39.0	40.0
27	39.33507840734068	40.0	40.0	40.0	39.0	40.0
28	39.3518612106827	40.0	40.0	40.0	39.0	40.0
29	39.264869983888104	40.0	40.0	40.0	39.0	40.0
30	39.25624098113409	40.0	40.0	40.0	39.0	40.0
31	39.2784499118883	40.0	40.0	40.0	39.0	40.0
32	39.282526840685904	40.0	40.0	40.0	39.0	40.0
33	39.28749092322325	40.0	40.0	40.0	39.0	40.0
34	39.27073570990767	40.0	40.0	40.0	39.0	40.0
35	39.29783505154639	40.0	40.0	40.0	39.0	40.0
>>END_MODULE
>>Per tile sequence quality	warn
#Tile	Base	Mean
1101	1	0.2338646481741833
1101	2	0.21152827470119462
1101	3	0.2502467402650339
1101	4	0.2218784084680152
1101	5	0.1782905623427169
1101	6	0.21868060094072206
1101	7	0.2074183257204254
1101	8	0.21735397384462374
1101	9	0.2186750362517884
1101	10	0.25091040385812136
1101	11	0.22648003472021827
1101	12	0.23106095367010226
1101	13	0.2562705329522643
1101	14	0.24201678178970099
1101	15	0.2590531484954468
1101	16	0.3308132933470631
1101	17	0.28270158307650206
1101	18	0.2521950656595706
1101	19	0.21499617150541894
1101	20	0.22147550600590904
1101	21	0.22829835908353147
1101	22	0.22032760703822873
1101	23	0.2570925137361044
1101	24	0.31527081421365466
1101	25	0.2605251427093762
1101	26	0.169219386176799
1101	27	0.2052266339433615
1101	28	0.2226100507306441
1101	29	0.1880844689040444
1101	30	0.11305687351734406
1101	31	0.32743595845425233
1101	32	0.33414186651229016
1101	33	0.397737623474832
1101	34	0.5891732054969836
1101	35	0.7060692752260138
1102	1	0.2114086839483491
1102	2	0.19829957069208604
1102	3	0.29123918229225865
1102	4	0.2500813878630055
1102	5	0.199360863160301
1102	6	0.24586210360483562
1102	7	0.24315374747973095
1102	8	0.2053092665850187
1102	9	0.25363693364026574
1102	10	0.20164064589758368
1102	11	0.22372114216259575
1102	12	0.17804555251668575
1102	13	0.21814045259125692
1102	14	0.17962256902472973
1102	15	0.18960008261025507
1102	16	0.24837707627611394
1102	17	0.21114320099859185
1102	18	0.14671015394114306
1102	19	0.14552721453646456
1102	20	0.15305259065733878
1102	21	0.19217120541906496
1102	22	0.25972919327252697
1102	23	0.25897412361268835
1102	24	0.3182103535205343
1102	25	0.12802945635490204
1102	26	0.12278171822493533
1102	27	0.18457363108349512
1102	28	0.0989856430331244
1102	29	0.3025932522482222
1102	30	0.23778901637449223
1102	31	0.17676076300293886
1102	32	0.1482411102707033
1102	33	0.3623765612881371
1102	34	0.4465586044783052
1102	35	0.6346407037974444
1103	1	0.1603975591914164
1103	2	0.1419361657665803
1103	3	0.20039812435558702
1103	4	0.14269205638476734
1103	5	0.1185715884789218
1103	6	0.14617328341237368
1103	7	0.15095579863746877
1103	8	0.14763467297536437
1103	9	0.14074553765808417
1103	10	0.17183291474076867
1103	11	0.2108807631856422
1103	12	0.18823983100549668
1103	13	0.22591796898989003
1103	14	0.211634224969373
1103	15	0.19928828278187183
1103	16	0.309761861054632
1103	17	0.21388983970140174
1103	18	0.24380710660376792
1103	19	0.2813944095260581
1103	20	0.26651092842826785
1103	21	0.19705815915401104
1103	22	0.3074521439534692
1103	23	0.2788017729620762
1103	24	0.3222633501194494
1103	25	0.2293885257381234
1103	26	0.23087989370188922
1103	27	0.30528001472627864
1103	28	0.3210090086806545
1103	29	0.45198458317064905
1103	30	0.45168590577541323
1103	31	0.47800931120271173
1103	32	0.46505611562000126
1103	33	0.3153150369538835
1103	34	0.12075215286539986
1103	35	-0.4189307247739862
1104	1	0.17817748061684568
1104	2	0.18747570658720036
1104	3	0.20262271259908715
1104	4	0.21708657709868362
1104	5	0.1724794492033439
1104	6	0.22694947982400748
1104	7	0.19489961700644187
1104	8	0.17948466773765404
1104	9	0.21814904614301867
1104	10	0.22961927818523975
1104	11	0.22227711319951027
1104	12	0.2575310900564105
1104	13	0.2503983016403808
1104	14	0.25728574070760857
1104	15	0.24581214638981663
1104	16	0.34482775843014934
1104	17	0.2967131727589347
1104	18	0.2573727953656615
1104	19	0.2715177749020228
1104	20	0.27291286882743293
1104	21	0.2758004254103028
1104	22	0.2724048306621256
1104	23	0.31967076687585916
1104	24	0.3796480610921762
1104	25	0.2652352967982665
1104	26	0.22661614088288928
1104	27	0.16090460004505758
1104	28	0.1921928588696531
1104	29	0.37922710175102026
1104	30	0.2839439702915385
1104	31	0.28490763621005755
1104	32	0.14747270343421093
1104	33	0.009759481398333492
1104	34	-0.1711397390264935
1104	35	-0.008216439059701486
1105	1	0.1071341386271456
1105	2	0.11475826964036173
1105	3	0.17389872986280608
1105	4	0.1322792697498656
1105	5	0.12330761081491204
1105	6	0.17171991838211653
1105	7	0.147080626015331
1105	8	0.1345855034347494
1105	9	0.1372325473194067
1105	10	0.19540425523889837
1105	11	0.1881779366616385
1105	12	0.21876565996115716
1105	13	0.22184052121063758
1105	14	0.23464742337738898
1105	15	0.2310852139752697
1105	16	0.2986162394654457
1105	17	0.2444433657728382
1105	18	0.2242993334585961
1105	19	0.18422403268533571
1105	20	0.2390266356831532
1105	21	0.25714347203811627
1105	22	0.17811053636783214
1105	23	0.22115257677410938
1105	24	0.2898933452066217
1105	25	0.2782746557735649
1105	26	0.23967889512211116
1105	27	0.2554467597295229
1105	28	0.04880306608998808
1105	29	0.3606171249272663
1105	30	0.3540670315308887
1105	31	0.26474939129007424
1105	32	0.36327659732769035
1105	33	0.37410056666964664
1105	34	0.4457521528654027
1105	35	0.35123056554859744
1106	1	0.14673964617190194
1106	2	0.10072620899613582
1106	3	0.12148220015169642
1106	4	0.1292071991233925
1106	5	0.12866532841373868
1106	6	0.15211180628374166
1106	7	0.17012413239994117
1106	8	0.14415456925064518
1106	9	0.15408460273884117
1106	10	0.15509221866646072
1106	11	0.16503917632390852
1106	12	0.1975919976344045
1106	13	0.16960205144598461
1106	14	0.20385367166345958
1106	15	0.17337283321207764
1106	16	0.3098665610326279
1106	17	0.22761155760724705
1106	18	0.21070323529454527
1106	19	0.18355872957211972
1106	20	0.18402752201927086
1106	21	0.17940087493469292
1106	22	0.202930852442897
1106	23	0.1620324945630074
1106	24	0.2163425988597183
1106	25	0.19368970617797743
1106	26	0.1730132900700383
1106	27	0.14555343132898457
1106	28	0.11851962972970398
1106	29	0.30709753131333883
1106	30	0.2955568735173486
1106	31	0.2896507465825806
1106	32	0.2219809527640777
1106	33	0.1869156585545113
1106	34	0.07518253261223862
1106	35	0.20606927522601381
1107	1	0.12088654669343413
1107	2	0.10806921330971875
1107	3	0.15257344570047593
1107	4	0.12209018378386816
1107	5	0.11841689395422605
1107	6	0.18173499556444028
1107	7	0.13422228315946683
1107	8	0.1247476014791502
1107	9	0.16172482046136594
1107	10	0.15237527877286539
1107	11	0.14482894927101597
1107	12	0.16114975390595276
1107	13	0.1422624755869606
1107	14	0.20904700435870893
1107	15	0.1948323710235087
1107	16	0.30588386861585093
1107	17	0.2139892487249
1107	18	0.19112994625672286
1107	19	0.20358210480289074
1107	20	0.19444794975792234
1107	21	0.13993789075617968
1107	22	0.17853080042709024
1107	23	0.1790365128650251
1107	24	0.25220638431494535
1107	25	0.251003885801353
1107	26	0.2545332306935748
1107	27	0.22843878107766358
1107	28	0.12917643989059258
1107	29	0.24083080014094094
1107	30	0.2008200314120856
1107	31	0.2051295573291796
1107	32	0.38268855791612566
1107	33	0.2177795315236466
1107	34	-0.06496213284888341
1107	35	-0.4678437682522443
1108	1	0.08804353680748989
1108	2	0.054622498709484546
1108	3	0.08910035991866039
1108	4	0.0701896081273432
1108	5	0.051058430739935545
1108	6	0.06451961626446234
1108	7	0.04861486687599381
1108	8	0.07560011201452
1108	9	0.09487780080515051
1108	10	0.09688820347364668
1108	11	0.0999503014863663
1108	12	0.10957341505923779
1108	13	0.10783999969295621
1108	14	0.14784980180880325
1108	15	0.11917264359863822
1108	16	0.20880837305220723
1108	17	0.17907158467804152
1108	18	0.11252594207420685
1108	19	0.11937818076940232
1108	20	0.15659886872112594
1108	21	0.1775729465160154
1108	22	0.1898723816856034
1108	23	0.14698215843022666
1108	24	0.2939813279116166
1108	25	0.22503849437607926
1108	26	0.21739451283772837
1108	27	0.2624779832108999
1108	28	0.26340672739317483
1108	29	0.30397256259305294
1108	30	0.3760922463662979
1108	31	0.2961987021130099
1108	32	0.3754097010797466
1108	33	0.3311024070578057
1108	34	0.5496995212864562
1108	35	0.4394026085593481
1109	1	0.015145904774577446
1109	2	0.0017668330584825753
1109	3	0.04206376706842008
1109	4	0.04691049541103354
1109	5	0.021862701479129498
1109	6	0.024402018816857662
1109	7	-0.003163045205809567
1109	8	-0.007076643093689938
1109	9	0.002207342508363297
1109	10	0.016787747928241004
1109	11	0.050418588040223256
1109	12	0.06883661637557736
1109	13	0.08869912790501644
1109	14	0.06418303413196469
1109	15	0.06325371744400599
1109	16	0.13232537194362948
1109	17	0.06900732919172725
1109	18	0.10328291462696626
1109	19	0.07966180255925082
1109	20	0.07830342951580604
1109	21	0.07587762526141972
1109	22	0.06219462045191193
1109	23	0.09487894141749109
1109	24	0.09501998984046622
1109	25	-0.011910107402805181
1109	26	0.006935763705882891
1109	27	0.14789615849519322
1109	28	0.09436869732029152
1109	29	0.08487593902983548
1109	30	0.22619357763719705
1109	31	0.10576509200726747
1109	32	0.1583332031259843
1109	33	0.25824432988317625
1109	34	-0.10640834096175666
1109	35	-0.6272640581073219
1110	1	0.06242673231024298
1110	2	0.03498659155655304
1110	3	0.059831015407425525
1110	4	0.05051364638904943
1110	5	-0.0014530830482613055
1110	6	0.013791777773569436
1110	7	0.03186154042840883
1110	8	0.01127003479775368
1110	9	0.008427828863204923
1110	10	0.05258192626921243
1110	11	0.09678810072075095
1110	12	0.08611006445713087
1110	13	0.1213914676839849
1110	14	0.09859956951046911
1110	15	0.07195144673111287
1110	16	0.17159928390871215
1110	17	0.1112251071758692
1110	18	0.1165444047786508
1110	19	0.12373962053930398
1110	20	0.13792644454120762
1110	21	0.16727816066472911
1110	22	0.1530421662385706
1110	23	0.17861189340602834
1110	24	0.23857125661147904
1110	25	0.18568762035922504
1110	26	0.1458834288434261
1110	27	0.2073825972461094
1110	28	0.16617624827251376
1110	29	0.2514740749947464
1110	30	0.2381930773837766
1110	31	0.1871294265974086
1110	32	0.1786189569593617
1110	33	0.273741584306606
1110	34	0.3627274615073759
1110	35	0.3917835609402971
1111	1	0.013711400398584317
1111	2	-0.027202900151479525
1111	3	-0.034417607633699276
1111	4	-0.03216621328020608
1111	5	-0.03095617908678605
1111	6	-0.043169671898411366
1111	7	-0.0706462180141827
1111	8	-0.10479983119692804
1111	9	-0.09506520765722826
1111	10	-0.034343844480282826
1111	11	0.010757800630365466
1111	12	3.68269626541462E-4
1111	13	0.028912828989355432
1111	14	0.0064181192714301005
1111	15	0.011606068398549496
1111	16	0.09294828155496049
1111	17	0.010817415747496284
1111	18	0.06767574677954258
1111	19	-0.011556092020526876
1111	20	0.04242802202081464
1111	21	-0.03767046781843675
1111	22	0.01610943334755177
1111	23	0.05352299831484686
1111	24	0.08571771526872851
1111	25	0.021845745213354917
1111	26	-0.12205801127279159
1111	27	0.05004481576154518
1111	28	0.09087942360615386
1111	29	0.05265839599876898
1111	30	-0.13277052861788263
1111	31	0.10894725016324713
1111	32	0.1451529629660797
1111	33	-0.13102726808406828
1111	34	-0.3891379570247082
1111	35	-0.7939307247739862
1112	1	-0.030453833662093643
1112	2	-0.033948299071148824
1112	3	-0.058343911331796505
1112	4	-0.029689645807415843
1112	5	-0.04683467649401507
1112	6	-0.09134515398100973
1112	7	-0.08591042827843154
1112	8	-0.05759720252247291
1112	9	-0.0880180292183681
1112	10	-0.012520971366988931
1112	11	0.005495562171113022
1112	12	-0.04449666379447592
1112	13	0.0118726790063306
1112	14	0.03487067734928928
1112	15	0.010139825333844499
1112	16	0.112451700926961
1112	17	0.02147723701421711
1112	18	0.0048538521619434505
1112	19	0.04081889583624587
1112	20	0.02479506385220276
1112	21	0.011170789683234261
1112	22	0.04366576352694551
1112	23	0.009124324004012863
1112	24	0.13136285486635302
1112	25	0.0017670799143019167
1112	26	0.007308973260855112
1112	27	0.026632327893537422
1112	28	0.010182092939253096
1112	29	0.05773250954265308
1112	30	0.17868081239680578
1112	31	-0.012699855367628743
1112	32	0.27419288692045285
1112	33	0.21301151391865858
1112	34	0.28545803521834046
1112	35	-0.10162303246629278
1113	1	-0.13962136709799466
1113	2	-0.0887843238661361
1113	3	-0.14325177291119928
1113	4	-0.06940125840002054
1113	5	-0.12438416959960819
1113	6	-0.17990818511191264
1113	7	-0.1662029239691094
1113	8	-0.14043175959854892
1113	9	-0.1933248078417833
1113	10	-0.11537940087353604
1113	11	-0.10523357354023943
1113	12	-0.16647440036015126
1113	13	-0.12762419219180288
1113	14	-0.09518726147063461
1113	15	-0.1283564706361915
1113	16	0.0010746051408290214
1113	17	-0.09021151989796294
1113	18	-0.08416897208843466
1113	19	-0.08994683406668713
1113	20	-0.1472939907128321
1113	21	-0.12057396994629954
1113	22	-0.06152564159688012
1113	23	-0.11506771809695238
1113	24	0.06877632332734152
1113	25	-0.10564747352022863
1113	26	-0.054214812686055325
1113	27	-0.08495543888577117
1113	28	0.0033900474375343492
1113	29	0.1295892896818316
1113	30	0.08839680467053057
1113	31	-0.04277111754588958
1113	32	0.11602501688435041
1113	33	-0.27357385193500505
1113	34	-0.19970239258914546
1113	35	0.47749784665458606
1114	1	-0.1307747825515193
1114	2	-0.14074862813415479
1114	3	-0.17757716744601026
1114	4	-0.10438353752402207
1114	5	-0.13730251503547208
1114	6	-0.20744192404357875
1114	7	-0.25514671358132546
1114	8	-0.22665565449700864
1114	9	-0.3032808231267623
1114	10	-0.23181998687462624
1114	11	-0.1799406307203668
1114	12	-0.2006554880871434
1114	13	-0.16602019316154326
1114	14	-0.19466544805356278
1114	15	-0.17156423780581775
1114	16	-0.059236408725290346
1114	17	-0.11598027126748178
1114	18	-0.15322554428932733
1114	19	-0.09560156602567105
1114	20	-0.17225304866170177
1114	21	-0.2044157090942207
1114	22	-0.14632116193297406
1114	23	-0.16308791267543654
1114	24	0.020603123259270717
1114	25	-0.1280209641320269
1114	26	-0.13909750089566586
1114	27	-0.14593567692321585
1114	28	-0.08528607262872612
1114	29	-0.0771859557991732
1114	30	-0.007450119489647022
1114	31	0.11445203488444378
1114	32	-0.20188735999312968
1114	33	0.0017273528842736141
1114	34	-0.6371425839767042
1114	35	-0.1796450104882723
1115	1	-0.058506737242190354
1115	2	-0.13000692706162909
1115	3	-0.20636029469907413
1115	4	-0.1157643786005238
1115	5	-0.15927554870960847
1115	6	-0.2289755656901491
1115	7	-0.32177714916699784
1115	8	-0.3084205130361042
1115	9	-0.2830566895618247
1115	10	-0.24870035467245089
1115	11	-0.21828186386045445
1115	12	-0.3304452611373492
1115	13	-0.2124828081020027
1115	14	-0.19493593622665628
1115	15	-0.22560694405814274
1115	16	-0.21795093918405684
1115	17	-0.26759754197010466
1115	18	-0.24520021159948158
1115	19	-0.25020613684721127
1115	20	-0.23410561313505696
1115	21	-0.23406705051517207
1115	22	-0.2662163443014265
1115	23	-0.22514802085616026
1115	24	-0.15398008692906728
1115	25	-0.23144301392129307
1115	26	-0.30999137132030796
1115	27	-0.27472017456727826
1115	28	-0.3731073802226845
1115	29	-0.3871809630606933
1115	30	-0.5258067628462868
1115	31	-0.3737702407654737
1115	32	-0.33795250315046843
1115	33	-0.6475961983037166
1115	34	-0.24924784713459758
1115	35	-0.6064307247739862
1116	1	-0.3554598004565861
1116	2	-0.32701080744946154
1116	3	-0.5091358599937408
1116	4	-0.3074072844852225
1116	5	-0.5043239235629073
1116	6	-0.7530980241509511
1116	7	-0.760958786933486
1116	8	-0.7165396378944706
1116	9	-0.9205406920836339
1116	10	-0.7662963683466515
1116	11	-0.7565572484558842
1116	12	-0.8646548839110366
1116	13	-0.7354396023058456
1116	14	-0.7864139155096908
1116	15	-0.818022487712085
1116	16	-0.7276964475028294
1116	17	-0.8306668471775964
1116	18	-0.7821621889475239
1116	19	-0.7588739398646922
1116	20	-0.7793418011293056
1116	21	-0.6931270950511674
1116	22	-0.7868092472289945
1116	23	-0.9198994689837221
1116	24	-0.878513526740285
1116	25	-0.8206104727106407
1116	26	-1.1053966642391657
1116	27	-0.916548472138679
1116	28	-0.9892709061990317
1116	29	-0.9566219677279975
1116	30	-1.1098212777431584
1116	31	-1.0798593074596141
1116	32	-1.3292627444788678
1116	33	-1.6738563378107116
1116	34	-1.349247847134599
1116	35	-1.9161529469962062
1201	1	0.19861366182016837
1201	2	0.22391225003052284
1201	3	0.26298901470290303
1201	4	0.24494679083005622
1201	5	0.18117172147724858
1201	6	0.26046667349969255
1201	7	0.23218055807009108
1201	8	0.20924830702211494
1201	9	0.2290530432589577
1201	10	0.24676520889888565
1201	11	0.24805087157591998
1201	12	0.26018777584727104
1201	13	0.26667025505692266
1201	14	0.27623152369164927
1201	15	0.2893966675847892
1201	16	0.3673221745526689
1201	17	0.2978172326920969
1201	18	0.28421925743719356
1201	19	0.21411788312713043
1201	20	0.27330141808867126
1201	21	0.29033228367110553
1201	22	0.22611998592505955
1201	23	0.3071588603937201
1201	24	0.3894771413457576
1201	25	0.22857387986755384
1201	26	0.18567734112055945
1201	27	0.3262731455712711
1201	28	0.18900174609270692
1201	29	0.3374555380864379
1201	30	0.42925056721104227
1201	31	0.35330340578352804
1201	32	0.25129684731648894
1201	33	0.25401235496155294
1201	34	0.5512606274416711
1201	35	0.3310692752260138
1202	1	0.2364610625205117
1202	2	0.20827018658088292
1202	3	0.27219105886912587
1202	4	0.23300175424500225
1202	5	0.18432249555658586
1202	6	0.27043390231230546
1202	7	0.254319012479975
1202	8	0.20781347461185362
1202	9	0.1955000500083628
1202	10	0.20031232526171294
1202	11	0.17101279491947707
1202	12	0.11445334314450406
1202	13	0.20218138451848233
1202	14	0.22653572356651352
1202	15	0.2537792723621948
1202	16	0.24351360558165425
1202	17	0.21505189851053785
1202	18	0.1572506306813679
1202	19	0.17635864384601518
1202	20	0.1877584637066647
1202	21	0.1926387047950726
1202	22	0.2285604025764485
1202	23	0.24016107714811596
1202	24	0.29672259301790405
1202	25	0.16443155280651212
1202	26	0.22026693453368296
1202	27	0.18189477946243926
1202	28	0.06833158471949474
1202	29	0.22973015475458425
1202	30	0.1423365345342944
1202	31	0.19319565554403084
1202	32	0.324458844367264
1202	33	0.19441175957578594
1202	34	0.16902801493436925
1202	35	-0.9757489065921661
1203	1	0.17867656882108207
1203	2	0.16682401256665713
1203	3	0.2223664500019069
1203	4	0.19313610200509856
1203	5	0.1497431021450808
1203	6	0.2054339792961244
1203	7	0.18668001819657576
1203	8	0.19821007324681972
1203	9	0.18227612167810037
1203	10	0.2250718168165875
1203	11	0.22764231139511537
1203	12	0.2233176338705931
1203	13	0.26158075677043513
1203	14	0.2541549220109971
1203	15	0.2561989397481099
1203	16	0.32219304006942906
1203	17	0.2651281921756379
1203	18	0.26885064599169795
1203	19	0.2683611073908878
1203	20	0.256999260443429
1203	21	0.2815049477368703
1203	22	0.301443831102155
1203	23	0.2985692804893958
1203	24	0.3605147465956122
1203	25	0.2755989279219264
1203	26	0.30057894876577507
1203	27	0.3301569475322097
1203	28	0.2923515363990177
1203	29	0.35356776499185116
1203	30	0.3333346512951252
1203	31	0.31150276269671195
1203	32	0.29308823575766496
1203	33	0.3356854073242559
1203	34	0.20462312060733723
1203	35	0.5989264180831597
1204	1	0.15106117483740178
1204	2	0.13827450580743061
1204	3	0.19762037765993057
1204	4	0.16634399385749532
1204	5	0.11706255166402002
1204	6	0.17871737961277745
1204	7	0.17245032631982582
1204	8	0.1615336635525111
1204	9	0.2147435434294067
1204	10	0.20063752135926904
1204	11	0.21998185590857133
1204	12	0.23117051415314194
1204	13	0.22687243866058537
1204	14	0.22048423634542758
1204	15	0.2616513815944117
1204	16	0.3369120465010127
1204	17	0.2924877984930774
1204	18	0.2719514266698795
1204	19	0.2668100390950485
1204	20	0.2577190092363466
1204	21	0.28505006508897424
1204	22	0.2413806515358914
1204	23	0.2784557689920746
1204	24	0.3680176994572051
1204	25	0.29058279428782896
1204	26	0.27931490641662293
1204	27	0.28397444480150114
1204	28	0.31960729090676665
1204	29	0.4690100438524212
1204	30	0.4293894726362879
1204	31	0.4008960197114888
1204	32	0.35455002977759875
1204	33	0.5312648577424142
1204	34	0.13345056556381252
1204	35	0.6108311799879189
1205	1	0.10147839556554317
1205	2	0.11697286134533158
1205	3	0.1252012706347756
1205	4	0.13702811336482057
1205	5	0.10486075922253235
1205	6	0.14566683772343225
1205	7	0.11841182105710146
1205	8	0.12097387582216612
1205	9	0.15646856358232242
1205	10	0.1543861539087672
1205	11	0.15290263832375217
1205	12	0.12115235548218806
1205	13	0.19603821921166542
1205	14	0.2227615342555751
1205	15	0.19595645645299697
1205	16	0.249201637121665
1205	17	0.24305609703376518
1205	18	0.24597945311293756
1205	19	0.2510602812750946
1205	20	0.18679792290382835
1205	21	0.1997949996978221
1205	22	0.20258100089764497
1205	23	0.17446128191330956
1205	24	0.3596406845939981
1205	25	0.225251528483021
1205	26	0.24574860304489476
1205	27	0.15907375173785
1205	28	0.2084652190721883
1205	29	0.3559212394174267
1205	30	0.37841401637449223
1205	31	0.11020884102933337
1205	32	0.24872992395749094
1205	33	0.2092728633934655
1205	34	0.42741881953206473
1205	35	0.5848571540138892
1206	1	0.06589519355127038
1206	2	0.0977066829336053
1206	3	0.10066547867906195
1206	4	0.09686875695422259
1206	5	0.1064860870356199
1206	6	0.14075698268804615
1206	7	0.11378994727459002
1206	8	0.08846986356442699
1206	9	0.11205603225472771
1206	10	0.15267280355725887
1206	11	0.16508064010309909
1206	12	0.15481316270192735
1206	13	0.1445668036406147
1206	14	0.1689413851624053
1206	15	0.1774959641082674
1206	16	0.23215321851282766
1206	17	0.18259895245409297
1206	18	0.15847779545288887
1206	19	0.12202372931804462
1206	20	0.1598323553819796
1206	21	0.10082523638514118
1206	22	0.05613646388724902
1206	23	0.14594077620871815
1206	24	0.263973885328177
1206	25	0.18279163658763764
1206	26	0.16750713329517453
1206	27	0.15431754303426715
1206	28	0.21467651870288051
1206	29	0.31724472479520927
1206	30	0.1842996201324354
1206	31	0.27881962368248736
1206	32	0.21169288692045285
1206	33	0.3497594813983298
1206	34	-0.0105911307166906
1206	35	-0.9739307247739859
1207	1	0.05764598973181734
1207	2	0.07098239618154878
1207	3	0.11292173901973968
1207	4	0.11644119488252613
1207	5	0.08913180257611941
1207	6	0.11300435936637854
1207	7	0.09799335931907649
1207	8	0.11163868284180012
1207	9	0.08403429231366744
1207	10	0.10272279789491279
1207	11	0.16092879680358863
1207	12	0.14750943190900045
1207	13	0.15409105296596692
1207	14	0.1880501670407
1207	15	0.14665727802022843
1207	16	0.24024375183271474
1207	17	0.17728225428015776
1207	18	0.17079420014114532
1207	19	0.14124024279062297
1207	20	0.12455170620425804
1207	21	0.13493398849321636
1207	22	0.19072896014163376
1207	23	0.20950747547666992
1207	24	0.289622666406153
1207	25	0.17563927411148228
1207	26	0.14231076804152565
1207	27	0.1796728880150198
1207	28	0.1135268231310178
1207	29	0.2642124426530188
1207	30	0.34262548058595144
1207	31	0.27069223803197673
1207	32	0.1777945818357054
1207	33	0.4331829048217557
1207	34	0.3989130724056338
1207	35	0.22331065453635546
1208	1	-5.822104783277382E-4
1208	2	0.03870840000163156
1208	3	0.07002088623416114
1208	4	0.08991086945845694
1208	5	0.05479528557597746
1208	6	0.07247524648774117
1208	7	0.034294735717836033
1208	8	0.053301206639460474
1208	9	0.04413312699711014
1208	10	0.09032442415777808
1208	11	0.10757612574583675
1208	12	0.09847908951559248
1208	13	0.14075684061535298
1208	14	0.15296035889851822
1208	15	0.151370901632788
1208	16	0.21910350086053398
1208	17	0.15932907880985425
1208	18	0.12602207122771603
1208	19	0.14276180479799194
1208	20	0.08735925068504002
1208	21	0.09302987332938528
1208	22	0.10328855882274723
1208	23	0.02599330140492384
1208	24	0.2581332033201562
1208	25	0.1402416321819615
1208	26	0.09420077773388158
1208	27	0.04633316057501702
1208	28	0.05974734813445792
1208	29	0.21893088495858848
1208	30	0.15206719246668854
1208	31	0.1438135300557093
1208	32	0.24281321887065843
1208	33	0.12540573990172987
1208	34	0.4469426290558758
1208	35	0.2943045693436588
1209	1	-0.005629233668003053
1209	2	0.02518994112654127
1209	3	0.033088393862691134
1209	4	0.02347175202395846
1209	5	-0.04081182485238344
1209	6	0.011157270067094771
1209	7	-0.0012753721379965555
1209	8	-0.016503573647206338
1209	9	0.017497284330971752
1209	10	0.028650287804140362
1209	11	0.046924677646934754
1209	12	0.08525556824913139
1209	13	0.08676851605064684
1209	14	0.06510691813189595
1209	15	0.11650388021467961
1209	16	0.16977483374257218
1209	17	0.11031388770833672
1209	18	0.06379379453719736
1209	19	0.08245045846359744
1209	20	0.04721164148730139
1209	21	0.06964968547482897
1209	22	0.06514783617108577
1209	23	0.12444158136170103
1209	24	0.15623997651264432
1209	25	0.1070514507159146
1209	26	-0.01882011659578353
1209	27	-0.0220044417538503
1209	28	0.01803326208074907
1209	29	0.1308870396910251
1209	30	-0.02871568633532462
1209	31	-0.2525088920731662
1209	32	-7.53465010880916E-4
1209	33	-0.07357385193500221
1209	34	-0.23309400098074917
1209	35	-0.008216439059701486
1210	1	-0.015299863919096879
1210	2	-0.01755180427117864
1210	3	0.05683375267769719
1210	4	0.0694294704723859
1210	5	0.04517045053733426
1210	6	0.04590326090212926
1210	7	0.034072010407840025
1210	8	0.02614949893376206
1210	9	0.0545300385312828
1210	10	0.10214173019870287
1210	11	0.0996251042265186
1210	12	0.08692135044969262
1210	13	0.11145778795181371
1210	14	0.1227316267218086
1210	15	0.11995922462939745
1210	16	0.1731177834517581
1210	17	0.09426578636019656
1210	18	0.13711083502553123
1210	19	0.10814506497330001
1210	20	0.07449240457997774
1210	21	0.0879291231260595
1210	22	0.07862039352555428
1210	23	0.06613191386672668
1210	24	0.10431516816988307
1210	25	0.03602247304950623
1210	26	-0.08054934289754101
1210	27	0.011364907434575855
1210	28	-0.016991834938430372
1210	29	0.07191232107599177
1210	30	0.157012812214667
1210	31	0.1728658013243347
1210	32	0.15613733136489572
1210	33	0.21145799519875652
1210	34	0.3913403881595201
1210	35	0.18106927522601524
1211	1	-0.025276211248979052
1211	2	-0.051033227347573984
1211	3	0.009149873977094103
1211	4	0.016385885757173924
1211	5	-0.006455938741517286
1211	6	-0.05968461736255648
1211	7	-0.06942639235300874
1211	8	-0.0611757495061056
1211	9	-0.06214375390892002
1211	10	0.005386262840772815
1211	11	0.034127097815080276
1211	12	0.02839062790182112
1211	13	0.04150257610316288
1211	14	0.025499702399216062
1211	15	-0.0017096362634489992
1211	16	0.09848331147278344
1211	17	0.07836978787325677
1211	18	0.07309533399043033
1211	19	0.01943022667335015
1211	20	0.0703846759639859
1211	21	-0.008571414929853916
1211	22	0.09805164987807302
1211	23	0.07456048516117875
1211	24	0.20857881812983692
1211	25	0.06070359571674544
1211	26	0.02690208859530685
1211	27	0.07635476764809823
1211	28	0.011843406116319954
1211	29	0.1129380798344286
1211	30	-0.15691624476222188
1211	31	0.0923228641320506
1211	32	0.12642156909099356
1211	33	-0.019226025848048778
1211	34	-0.2792478471345987
1211	35	-0.011879442722701583
1212	1	-0.0826270433322307
1212	2	-0.07330031613193455
1212	3	-0.07443116641830727
1212	4	-0.03276105094126791
1212	5	-0.08138100585168218
1212	6	-0.06658176410120831
1212	7	-0.09489285019157023
1212	8	-0.1473133579309902
1212	9	-0.11388955183032579
1212	10	-0.13107767189083575
1212	11	-0.06804664615656719
1212	12	-0.07271046882932097
1212	13	-0.039858954845840344
1212	14	-0.025132946744975015
1212	15	-0.044164482601630084
1212	16	0.05501221553896585
1212	17	0.0024988400830636692
1212	18	-0.03570722514363922
1212	19	-0.02250479914638248
1212	20	0.004551949706282699
1212	21	-0.015529654016049221
1212	22	-0.002416116626044129
1212	23	0.025082607002723023
1212	24	0.12445155440990163
1212	25	-0.10507773642508056
1212	26	-0.11558186908766288
1212	27	-0.08110669938997006
1212	28	-0.04032089755001067
1212	29	0.13150263476626378
1212	30	0.045392939091115636
1212	31	-0.06302309380219384
1212	32	0.061873392335613175
1212	33	-0.08754900721450554
1212	34	0.2267762492509462
1212	35	0.24453081368755392
1213	1	-0.1431953506681296
1213	2	-0.10116759204065318
1213	3	-0.11220286822783976
1213	4	-0.10616717725964975
1213	5	-0.09768113388824418
1213	6	-0.1595319095391261
1213	7	-0.19566844215339785
1213	8	-0.17989301167724392
1213	9	-0.16491723324516983
1213	10	-0.13236076149380693
1213	11	-0.13253050184254533
1213	12	-0.12120405214421481
1213	13	-0.06679449884849475
1213	14	-0.045075463873992305
1213	15	-0.048977552527475154
1213	16	0.003384735505321146
1213	17	-0.037956083387456374
1213	18	-0.042534210423120555
1213	19	-0.08558295695950591
1213	20	-0.047698069325029735
1213	21	-0.06684153866830655
1213	22	-0.07416792133515315
1213	23	-0.15204588569140753
1213	24	0.05431865868981589
1213	25	-0.13209031267463445
1213	26	-0.11788459402032458
1213	27	-0.04827027751854729
1213	28	-0.1451838539747996
1213	29	0.07344586561482203
1213	30	-0.1150924771320021
1213	31	-0.14488425864207954
1213	32	-0.28830711307954715
1213	33	0.19642614806500092
1213	34	0.15098471100493782
1213	35	0.2943045693436588
1214	1	-0.17008350249344772
1214	2	-0.14319319486048698
1214	3	-0.1268864246323531
1214	4	-0.08811792807372854
1214	5	-0.15251827680967267
1214	6	-0.2148117079759686
1214	7	-0.26128540543537326
1214	8	-0.20948512544615738
1214	9	-0.28934665673124016
1214	10	-0.21353407098104782
1214	11	-0.18248584355869468
1214	12	-0.17252767322296592
1214	13	-0.17228296289138
1214	14	-0.20445432030312105
1214	15	-0.17114478016218726
1214	16	-0.08632928998726896
1214	17	-0.16857160473448118
1214	18	-0.10416557372273871
1214	19	-0.15214903313978567
1214	20	-0.1554512428932071
1214	21	-0.11982606946305197
1214	22	-0.13268991926020846
1214	23	-0.15068903433903102
1214	24	-0.09266092363622391
1214	25	-0.1234930995577912
1214	26	-0.2516456798844757
1214	27	-0.1408587399811907
1214	28	-0.10960462262519854
1214	29	0.09372280429462876
1214	30	0.0028836061906147847
1214	31	-0.0725778613356809
1214	32	0.10000903812320416
1214	33	0.1845342561731087
1214	34	0.19738766688409015
1214	35	-0.6550418358851005
1215	1	-0.17034847251420615
1215	2	-0.1667335012194684
1215	3	-0.2566563744685837
1215	4	-0.1513345753394617
1215	5	-0.1925000879233636
1215	6	-0.3125020272066763
1215	7	-0.29283559684485283
1215	8	-0.3229508249528976
1215	9	-0.3656087121955949
1215	10	-0.20954711336140974
1215	11	-0.22960083248864294
1215	12	-0.2967133098672221
1215	13	-0.2265977193197557
1215	14	-0.2611527141645382
1215	15	-0.2124571783368907
1215	16	-0.1504147226732968
1215	17	-0.2345450545100647
1215	18	-0.28771810180845847
1215	19	-0.30780062496705085
1215	20	-0.3301463334044925
1215	21	-0.2540369490819785
1215	22	-0.25440300161718454
1215	23	-0.24175159159221948
1215	24	-0.20128895583039252
1215	25	-0.2646617082052529
1215	26	-0.3891402352743043
1215	27	-0.39997538625866014
1215	28	-0.4502651344619224
1215	29	-0.13501029234819129
1215	30	-0.29930841966807264
1215	31	-0.28369937610888485
1215	32	-0.2545233292957647
1215	33	-0.2351760618797556
1215	34	-0.29924784713460184
1215	35	0.20606927522601381
1216	1	-0.36198307350259995
1216	2	-0.32670672902633413
1216	3	-0.5075269737597452
1216	4	-0.29537061956447275
1216	5	-0.4846620490397697
1216	6	-0.6735515279502522
1216	7	-0.696086927021625
1216	8	-0.6295635329862748
1216	9	-0.6788074034117244
1216	10	-0.5980810635677329
1216	11	-0.5967789877046386
1216	12	-0.7462625203419933
1216	13	-0.5803719298389041
1216	14	-0.5275131575982215
1216	15	-0.595585808546268
1216	16	-0.4942835860350243
1216	17	-0.6460567242028361
1216	18	-0.6047882418137078
1216	19	-0.6115337316458209
1216	20	-0.6947889272715884
1216	21	-0.5398599010960012
1216	22	-0.6864518677629192
1216	23	-0.8110102317079182
1216	24	-0.5804628080795595
1216	25	-0.6132919073438003
1216	26	-0.8283640521373741
1216	27	-0.8988573355222869
1216	28	-0.9510191920891984
1216	29	-0.7963451257849812
1216	30	-1.1222706025209916
1216	31	-1.2587976590114636
1216	32	-0.8984766046049728
1216	33	-0.9700384983996457
1216	34	-0.9584931301534638
1216	35	-0.008216439059701486
2101	1	0.241199324107491
2101	2	0.21374118674171427
2101	3	0.2724524359352145
2101	4	0.264894575857312
2101	5	0.2017499873992037
2101	6	0.2560318708864102
2101	7	0.22519492675392883
2101	8	0.2564246461992994
2101	9	0.26686281276896295
2101	10	0.26306073934950547
2101	11	0.23391946679635112
2101	12	0.2728738516742837
2101	13	0.29627562518279404
2101	14	0.3464447132889177
2101	15	0.3212080418626684
2101	16	0.3869412033174058
2101	17	0.32971093700955123
2101	18	0.29770563240025183
2101	19	0.3148456951869534
2101	20	0.32444743636477824
2101	21	0.33303281980658994
2101	22	0.32734696474344815
2101	23	0.28904611688844284
2101	24	0.3565191561892789
2101	25	0.3231347624435088
2101	26	0.3145474374325161
2101	27	0.28318209953040707
2101	28	0.3041877917467275
2101	29	0.4121128514229966
2101	30	0.40383774518804927
2101	31	0.3431819706612629
2101	32	0.37169288692044944
2101	33	0.2883664465724607
2101	34	0.49540004018934525
2101	35	0.5321562317477557
2102	1	0.22945898271571252
2102	2	0.23430705048865974
2102	3	0.280658731232613
2102	4	0.2617899162313293
2102	5	0.21559432728858496
2102	6	0.2818723303054398
2102	7	0.2638380040425048
2102	8	0.25834891325098397
2102	9	0.20649170443201115
2102	10	0.2477868561199088
2102	11	0.2682089610166898
2102	12	0.2945840176330421
2102	13	0.2497754382596895
2102	14	0.2759685195653603
2102	15	0.23430631495923393
2102	16	0.29243411226235594
2102	17	0.274008662195925
2102	18	0.24113390125851453
2102	19	0.3121173129289829
2102	20	0.2340246208490271
2102	21	0.28759024411574075
2102	22	0.253966749724043
2102	23	0.21183399794259827
2102	24	0.33655715360816885
2102	25	0.34670285699181136
2102	26	0.311151067666259
2102	27	0.37580374354568846
2102	28	0.3217829745261085
2102	29	0.3186590829692264
2102	30	0.34245342524148725
2102	31	0.31336489960708036
2102	32	0.45541147988527797
2102	33	0.4503391915432573
2102	34	0.5310969804516077
2102	35	0.5242510934078339
2103	1	0.15554674151916714
2103	2	0.17052009865535211
2103	3	0.21603606728907465
2103	4	0.21455890856589122
2103	5	0.1960595995849843
2103	6	0.2628855977982525
2103	7	0.20845646530236195
2103	8	0.1974311962182682
2103	9	0.22959409442825063
2103	10	0.2265197904345655
2103	11	0.23407509799582726
2103	12	0.265922858204533
2103	13	0.26096937084663097
2103	14	0.2743831611848222
2103	15	0.2882943142165644
2103	16	0.3892125555408583
2103	17	0.3141983720670538
2103	18	0.3269849195802408
2103	19	0.2808350338092964
2103	20	0.2863162425179482
2103	21	0.28848818060605197
2103	22	0.3048167492220486
2103	23	0.31966433528297955
2103	24	0.3955986845766901
2103	25	0.24123577653035255
2103	26	0.167348496339649
2103	27	0.254481763292155
2103	28	0.2249243845428026
2103	29	0.37537253081170974
2103	30	0.33598883896011245
2103	31	0.27855193818861324
2103	32	0.2320548778706808
2103	33	0.10401235496154726
2103	34	0.4921807242939735
2103	35	0.32675893039842663
2104	1	0.18614011788720575
2104	2	0.15771777757417738
2104	3	0.23980725961006044
2104	4	0.23842909679171953
2104	5	0.17453501524280313
2104	6	0.21937491511869922
2104	7	0.23050996877476138
2104	8	0.19306824370096365
2104	9	0.24166411733047966
2104	10	0.24161813125113696
2104	11	0.24665729648929613
2104	12	0.2590208568236818
2104	13	-2.2144978967198625
2104	14	-1.0717220804694776
2104	15	-0.26701687856988343
2104	16	0.16135022287809164
2104	17	0.23526382618028663
2104	18	0.2589049441018787
2104	19	0.26307379838739564
2104	20	0.253961915879259
2104	21	0.24255134978579918
2104	22	0.27099717300446713
2104	23	0.2802693852020539
2104	24	0.4061443474600708
2104	25	0.2260369535676574
2104	26	0.27289567833889095
2104	27	0.2333916474690625
2104	28	0.16317748464432213
2104	29	0.26608515087722395
2104	30	0.3889785070714282
2104	31	0.28161004216414653
2104	32	0.4324136076411733
2104	33	-2.3309812593424084
2104	34	-1.6039231718099245
2104	35	-0.3750118058550669
2105	1	-1.1131090666576426
2105	2	0.06701415449655457
2105	3	-1.4161453469579826
2105	4	-2.3084429045272543
2105	5	-0.690565613075016
2105	6	-0.556723030392078
2105	7	-0.08545634108715916
2105	8	0.06340331690077505
2105	9	0.14974157596618198
2105	10	0.19467192339931927
2105	11	0.2212581722380378
2105	12	0.21366302853896002
2105	13	0.25224515022725313
2105	14	0.2870361946754443
2105	15	0.21407244769393685
2105	16	0.323869626336716
2105	17	0.2968665518819691
2105	18	0.24131829724500165
2105	19	0.257542699780295
2105	20	0.21575048533880903
2105	21	0.28035741114258883
2105	22	0.23962816316632285
2105	23	0.27105125703891275
2105	24	0.33805440072350024
2105	25	0.2840117254933361
2105	26	0.21968916562914131
2105	27	0.28074323910941246
2105	28	0.2493049278351691
2105	29	-0.03239015327577022
2105	30	-2.0863609347018297
2105	31	-2.7317729475109687
2105	32	-1.4540529694331354
2105	33	-0.15543225901464552
2105	34	-2.1986026858442784
2105	35	-0.4010735819168403
2106	1	0.17011717330516518
2106	2	0.13093772494124067
2106	3	0.21142008557728786
2106	4	0.17459652563943706
2106	5	0.15235427519103695
2106	6	0.21456813016940401
2106	7	0.17659454811110464
2106	8	0.15071224096637792
2106	9	0.20128020937784186
2106	10	0.21157745288743968
2106	11	0.2038035897303061
2106	12	0.2023824177179847
2106	13	0.2363088628028862
2106	14	0.25348478699304167
2106	15	0.21445609322265113
2106	16	0.3178116329806926
2106	17	0.2866955701531495
2106	18	0.23439918312855212
2106	19	0.25309236023908
2106	20	0.2307423442060781
2106	21	0.21819949370075875
2106	22	-2.3169722559216623
2106	23	-1.1701852945848827
2106	24	-0.31038343002929025
2106	25	0.014030962768210031
2106	26	0.09813298317835972
2106	27	-2.15681163560739
2106	28	-0.9977005168109301
2106	29	-8.24428780160687
2106	30	-4.828443126482654
2106	31	-2.4587217485857664
2106	32	-4.593307113079547
2106	33	-2.190761351935002
2106	34	-0.8754016932884454
2106	35	0.20606927522601381
2107	1	0.10249827303619696
2107	2	0.07594040405812308
2107	3	0.14419522215915492
2107	4	0.15307707388572567
2107	5	0.08380246205650366
2107	6	0.1642815613616051
2107	7	0.1689924544182304
2107	8	0.14927209713970768
2107	9	0.14516437141720218
2107	10	0.18128576095592308
2107	11	0.16787788374603707
2107	12	0.20457159560262994
2107	13	0.20069570149426852
2107	14	0.23971243874045456
2107	15	0.2128858804518572
2107	16	0.01829238115038123
2107	17	0.06477656538943677
2107	18	0.08782587359717553
2107	19	-2.271087193460154
2107	20	-1.1652197940992153
2107	21	-0.3984447507478137
2107	22	-3.9568413838964034E-4
2107	23	0.06886537908738433
2107	24	0.26178355813955534
2107	25	0.21847270589722712
2107	26	0.2126813025507488
2107	27	0.16126249051706765
2107	28	0.08756264108380662
2107	29	0.18482955345245955
2107	30	0.10533818564458386
2107	31	0.23618282242500044
2107	32	0.17186987807089338
2107	33	0.22681374496422535
2107	34	0.2463931785064304
2107	35	-0.024699955543219687
2108	1	0.14201133708051827
2108	2	0.0951824571067661
2108	3	0.1638028110293135
2108	4	0.12924745227056178
2108	5	0.10226570223117903
2108	6	0.1298808152840749
2108	7	0.11559090928567883
2108	8	0.1423426604185849
2108	9	0.12612746333400793
2108	10	-1.3455695951506996
2108	11	-0.6602067343790239
2108	12	-0.14659053085892282
2108	13	0.076046246797695
2108	14	0.13064509276720315
2108	15	0.16435792956013273
2108	16	-6.765336863870594
2108	17	-2.52154728922622
2108	18	-2.209541052024605
2108	19	-0.8991931145959029
2108	20	-1.3924029043346309
2108	21	-0.6372344899444613
2108	22	-0.13727128143613498
2108	23	0.07574711126833478
2108	24	0.2675826339757563
2108	25	0.2094500270448023
2108	26	0.19322534866856245
2108	27	0.19457303917211988
2108	28	0.18626726427701357
2108	29	0.335293298089411
2108	30	0.3481884524647114
2108	31	0.19012252561843468
2108	32	0.18995375648567148
2108	33	0.27787542342731797
2108	34	0.513855601141266
2108	35	0.7060692752260138
2109	1	0.11873298657382492
2109	2	0.09098621267232687
2109	3	0.1501038778228434
2109	4	0.0882340303048963
2109	5	0.09683525425272421
2109	6	0.12441832906378636
2109	7	0.13572634908239678
2109	8	0.11305268414541558
2109	9	0.10150161906724264
2109	10	0.08391250854079857
2109	11	0.1316654833721813
2109	12	0.18700007771887783
2109	13	0.21473062972781065
2109	14	-2.5886966948187435
2109	15	-1.3051583720635875
2109	16	-0.4065557550899115
2109	17	-1.8896809498239975
2109	18	-0.9510783496908886
2109	19	-0.2276077399284162
2109	20	0.04472379116594283
2109	21	-2.102636372851201
2109	22	-1.0075518762608766
2109	23	-2.0116079296878127
2109	24	-0.8599860784250097
2109	25	-0.28112588918556014
2109	26	-0.02040159470562486
2109	27	0.08609008775862037
2109	28	0.22464867558551305
2109	29	0.30085502054663493
2109	30	0.42029582934063825
2109	31	0.34921893546110994
2109	32	0.12835955358711715
2109	33	0.3383979790509102
2109	34	0.12615755827080477
2109	35	-1.1971565312256018
2110	1	-0.45915605361911105
2110	2	-1.208989291056625
2110	3	-0.5437830396296093
2110	4	-0.12753324803285437
2110	5	0.04588951518400819
2110	6	-0.05012733500966249
2110	7	0.02216885963190407
2110	8	0.047790000027561064
2110	9	0.08281272311736387
2110	10	0.09023637811086616
2110	11	0.14309991358258856
2110	12	0.12772966789880513
2110	13	0.15639021738368086
2110	14	0.1444112622493705
2110	15	-2.0469381288234985
2110	16	-0.9269056142760945
2110	17	-0.3024292345733386
2110	18	0.00673473369931088
2110	19	0.09087995450787645
2110	20	0.13868757604917903
2110	21	0.10258638100313533
2110	22	0.1426839405160507
2110	23	0.1530039406161663
2110	24	0.25770618638556897
2110	25	0.18033752544858572
2110	26	0.08047171777708684
2110	27	0.15004847747550798
2110	28	0.16002618924360235
2110	29	0.4133972252617184
2110	30	0.4621343113758556
2110	31	0.427843014085191
2110	32	0.2018889653518272
2110	33	0.30556522091268334
2110	34	0.35408548619873415
2110	35	0.6060692752260124
2111	1	-0.004019972099882807
2111	2	-0.1110003929765142
2111	3	-0.0335684587127858
2111	4	-0.0013349991319131504
2111	5	-0.03832841968841194
2111	6	-0.04076355588916414
2111	7	0.002293450973496647
2111	8	-0.04461638259120093
2111	9	-0.022746122734204732
2111	10	8.285128736744696E-4
2111	11	-0.028572998731284827
2111	12	0.03833658408532159
2111	13	0.017834207528188983
2111	14	0.06862492508215468
2111	15	0.049117718904760466
2111	16	0.13105556501952975
2111	17	0.09727783231514309
2111	18	0.013680020655364444
2111	19	0.08501353845510806
2111	20	0.1190815604106632
2111	21	0.10349176379271796
2111	22	0.08972163674297917
2111	23	0.027984910448175526
2111	24	0.15632059305392687
2111	25	0.03524101728925899
2111	26	-0.04637842783662194
2111	27	0.03528039738421995
2111	28	-0.04753151632807118
2111	29	0.05012569796203081
2111	30	0.06602158952423309
2111	31	-0.09150892110832842
2111	32	-0.10579760737612531
2111	33	-0.2726184379222616
2111	34	-0.022491090377840806
2111	35	0.06970563886238068
2112	1	-0.06369685889432475
2112	2	-0.041591029658192724
2112	3	-0.02199929362509323
2112	4	-0.07880915377391773
2112	5	-0.09317336611960059
2112	6	-0.11411153698265508
2112	7	-0.08736838043351014
2112	8	-0.06927785491284055
2112	9	-0.04566146310295238
2112	10	-0.006422538749227158
2112	11	-1.411299293787387
2112	12	-1.8043722634185357
2112	13	-0.9489201816505002
2112	14	-0.488872635001961
2112	15	-0.16956605739653696
2112	16	0.06662118927210514
2112	17	0.017895367674711338
2112	18	0.04984441484833013
2112	19	-0.012840113275750298
2112	20	0.049805389655134036
2112	21	0.0983783956822677
2112	22	0.07664606326340362
2112	23	0.0870456689657857
2112	24	0.12866777846243593
2112	25	0.018962920761154578
2112	26	-0.01696755064636335
2112	27	0.09010615201565031
2112	28	0.024352065989909022
2112	29	0.18398483091885964
2112	30	0.11780325032894012
2112	31	0.027152565293476982
2112	32	0.15108682631439052
2112	33	0.09460796624681933
2112	34	-0.05424784713459729
2112	35	-0.5796450104882709
2113	1	-0.16091993109007774
2113	2	-0.1498764113019675
2113	3	-0.12935021793382617
2113	4	-0.14055345864364455
2113	5	-0.14229311704829684
2113	6	-0.17671702707459502
2113	7	-0.15269242780459535
2113	8	-0.1252905232150212
2113	9	-0.1296347770756725
2113	10	-0.08772850806475674
2113	11	-0.08963160418650062
2113	12	-0.0987290551316633
2113	13	-0.07438487687508655
2113	14	-0.05159788897405093
2113	15	-0.06295402098693614
2113	16	0.08995291138824513
2113	17	0.028980396707801503
2113	18	0.005325461735637305
2113	19	-0.05903521759715602
2113	20	-0.0751135268935883
2113	21	-0.053850453174767665
2113	22	-0.04793575382480242
2113	23	-0.08332071984440859
2113	24	0.045508970039065844
2113	25	-0.04989959335749461
2113	26	-0.06230086698356985
2113	27	-0.02437958710230248
2113	28	-0.08265233297104402
2113	29	-0.05454387686163642
2113	30	0.0683355756804076
2113	31	-0.08615957100744254
2113	32	0.04743295912261658
2113	33	0.15975948139833207
2113	34	0.301833233946482
2113	35	0.4917835609402985
2114	1	-0.0885901182797113
2114	2	-0.15386718744324668
2114	3	-0.1254426394717285
2114	4	-0.08340198443127633
2114	5	-0.11137851499977103
2114	6	-0.14424582404082997
2114	7	-0.18777130986723023
2114	8	-0.17876282675906197
2114	9	-0.17056852628204666
2114	10	-0.16301328824891215
2114	11	-0.14507750259235763
2114	12	-0.13381969897974955
2114	13	-0.12574763521814702
2114	14	-0.10839234740065251
2114	15	-0.09639455414797027
2114	16	-0.04693854344156989
2114	17	-0.10100017324098332
2114	18	-0.09555166656635095
2114	19	-0.09095254032288835
2114	20	-0.054895374459512425
2114	21	-0.08497305858050908
2114	22	-0.12303369333790215
2114	23	-0.14163116670749787
2114	24	-0.019151273026757565
2114	25	-0.1197850622084431
2114	26	-0.1035667929947266
2114	27	0.047398417091628176
2114	28	-0.1121888334108121
2114	29	0.05517140242547214
2114	30	0.14278183246644005
2114	31	0.004398038008638139
2114	32	0.17323134845891275
2114	33	0.0717749852743026
2114	34	-0.5389881068748608
2114	35	-0.9010735819168403
2115	1	-0.12883689957560307
2115	2	-0.21070007879080777
2115	3	-0.21852815505158674
2115	4	-0.19360189025531582
2115	5	-0.18855039508535754
2115	6	-0.24150964313349732
2115	7	-0.26448926627114133
2115	8	-0.22033458112755966
2115	9	-0.2398241894228903
2115	10	-0.22073590759345763
2115	11	-0.22450580302934497
2115	12	-0.22038902065554566
2115	13	-0.16600479600291607
2115	14	-0.1388961440789913
2115	15	-0.1668483324273211
2115	16	-0.08781971257318588
2115	17	-0.22653539913081744
2115	18	-0.15225277484791633
2115	19	-0.1937283892895607
2115	20	-0.14537961695252477
2115	21	-0.21314397051668976
2115	22	-0.14871306578805132
2115	23	-0.22734454041504648
2115	24	-0.13530423077746434
2115	25	-0.23781505155157845
2115	26	-0.22707611026370245
2115	27	-0.3742075033479182
2115	28	-0.34274510919881607
2115	29	-0.2448622987706699
2115	30	-0.1830299160371851
2115	31	-0.16287509133879752
2115	32	-0.2975663723388067
2115	33	-0.4393145926757427
2115	34	-0.5409300901252507
2115	35	-0.8808872465131188
2116	1	-0.24110112801214
2116	2	-0.2853898418813756
2116	3	-0.4159440427769425
2116	4	-0.3893482754340738
2116	5	-0.3821240993863455
2116	6	-0.5790590896954342
2116	7	-0.591132334467261
2116	8	-0.4909913982620111
2116	9	-0.5935794963729535
2116	10	-0.5105295197145807
2116	11	-0.5232669744689673
2116	12	-0.5683393431027852
2116	13	-0.5557254138848506
2116	14	-0.45916667961882496
2116	15	-0.4590258154077702
2116	16	-0.43073408109523825
2116	17	-0.5723208089723926
2116	18	-0.6736787474759183
2116	19	-0.5649829669355242
2116	20	-0.6128998867880355
2116	21	-0.5774613573904688
2116	22	-0.6344900952424197
2116	23	-0.7454385929302418
2116	24	-0.540308483357002
2116	25	-0.551897646164214
2116	26	-0.8856774279441382
2116	27	-0.9336498443746422
2116	28	-0.6831394121754073
2116	29	-0.7465554915098878
2116	30	-0.3647615978202339
2116	31	-0.2749852687430945
2116	32	-0.3862800860525226
2116	33	-0.8185738519349997
2116	34	-0.2988556902718571
2116	35	-0.2939307247739862
2201	1	0.2389475203018634
2201	2	0.2549840629762343
2201	3	0.26626689108571355
2201	4	0.25562507490995046
2201	5	0.2321123523026145
2201	6	0.2844572937258647
2201	7	0.301973023867653
2201	8	0.26575890752533127
2201	9	0.28008960624016765
2201	10	0.2948512749136256
2201	11	0.30108276508131837
2201	12	0.31850351918880904
2201	13	0.332796887835336
2201	14	0.34836412175894793
2201	15	0.36406913508522365
2201	16	0.4241467631453659
2201	17	0.373691875577407
2201	18	0.3101588521552969
2201	19	0.3299347284741785
2201	20	0.3249499192516012
2201	21	0.3030128164293373
2201	22	0.31661052704173187
2201	23	0.27040732790155886
2201	24	-6.871624022747852
2201	25	-2.70541611000575
2201	26	-0.6750025314735311
2201	27	-0.04513156036478705
2201	28	0.0859796137480302
2201	29	0.343302880398376
2201	30	0.42336175156612654
2201	31	0.2919681362748321
2201	32	0.3294939340408689
2201	33	0.4746717621000869
2201	34	0.07668435625523529
2201	35	0.18755075670749477
2202	1	0.2023179282995926
2202	2	0.20259994383413726
2202	3	0.24780348194241952
2202	4	0.24422213233138734
2202	5	0.2318637368977008
2202	6	0.2090047715019736
2202	7	0.24617281592430373
2202	8	0.24178712829811388
2202	9	0.23407408757646664
2202	10	0.23857301204976267
2202	11	0.22911584425741438
2202	12	0.23795116920274495
2202	13	0.28631961375703696
2202	14	0.2525509279033642
2202	15	0.21782833807390034
2202	16	0.29488712516084803
2202	17	0.2726439231313762
2202	18	0.22564726503065202
2202	19	0.21793234270669615
2202	20	0.2571450322699178
2202	21	0.18687556535708438
2202	22	0.2395394628017442
2202	23	0.2834800682471581
2202	24	-0.26348038392936957
2202	25	-0.10263000199402228
2202	26	0.0913690859012064
2202	27	0.23686143317853947
2202	28	0.23010042117761031
2202	29	0.3095236105984611
2202	30	0.26482516620027496
2202	31	0.32679979500918677
2202	32	0.29297367509779093
2202	33	0.29937696773713185
2202	34	0.32944780503931526
2202	35	0.4368385059952473
2203	1	0.2021435831093541
2203	2	0.19253497542737819
2203	3	0.2523598042947839
2203	4	0.20505824499004888
2203	5	0.2048482832406009
2203	6	0.26106340444246
2203	7	0.246973962934959
2203	8	0.20170034751004096
2203	9	0.2229982033180562
2203	10	0.2462923264912007
2203	11	0.26983488353938156
2203	12	0.2746362955274222
2203	13	0.285967434683684
2203	14	0.34027536267250014
2203	15	0.2986486496374283
2203	16	0.3648012815304327
2203	17	0.32801916644698537
2203	18	0.2817706345566151
2203	19	0.3104069190388046
2203	20	0.2949746692898927
2203	21	0.25938805353747796
2203	22	0.2871212263465779
2203	23	0.2953434003404425
2203	24	0.3770949204390419
2203	25	0.30289565480007496
2203	26	0.22341004001027898
2203	27	0.24151138945630635
2203	28	0.1989947096272573
2203	29	0.3680717489549252
2203	30	0.3513204203153748
2203	31	0.259710071758704
2203	32	0.11386679996392957
2203	33	0.31508161024986947
2203	34	0.45408548619873557
2203	35	0.35824318826949053
2204	1	0.15381905144991492
2204	2	0.16328234846817224
2204	3	0.22100564330573746
2204	4	0.17410108024748183
2204	5	0.14203457619824889
2204	6	0.1787478766428876
2204	7	0.1608185684281196
2204	8	0.1707564340329739
2204	9	0.20295108048449606
2204	10	0.2077099335393413
2204	11	0.2327486751398098
2204	12	0.2417579473118323
2204	13	-0.2240077262775202
2204	14	0.027817064571699746
2204	15	0.16581363055977505
2204	16	0.33079330129315565
2204	17	0.28064715291345976
2204	18	0.26316252525418093
2204	19	0.2730251440284093
2204	20	0.28697615209349436
2204	21	0.23404553318864174
2204	22	0.2690416515320777
2204	23	0.33682028848210166
2204	24	0.35452849082410864
2204	25	0.24422622349049306
2204	26	0.24386307659160877
2204	27	0.2853931505950271
2204	28	0.2995754600163849
2204	29	0.43922100136579445
2204	30	0.37951291747339155
2204	31	0.49325321364172936
2204	32	0.5966486391328445
2204	33	0.30416337434237306
2204	34	0.2592136913269414
2204	35	-0.3510735819168431
2205	1	-0.1578734634939707
2205	2	0.14546067725240164
2205	3	-0.28179654995606995
2205	4	-0.3484048160627182
2205	5	-0.06206906232355891
2205	6	0.011805368363432933
2205	7	0.10023977704419451
2205	8	0.13384547934606417
2205	9	0.16094654209401682
2205	10	0.1910636490103883
2205	11	0.23037218351552724
2205	12	0.24272709868120046
2205	13	0.2641681024735334
2205	14	0.269939597669854
2205	15	0.2535297759177624
2205	16	0.3608964290629899
2205	17	0.3033722451429597
2205	18	0.27002362862135953
2205	19	0.27737144384182244
2205	20	0.28779250815434665
2205	21	0.22287877866395434
2205	22	0.2938311424701183
2205	23	0.25945002673240936
2205	24	0.33423768121827635
2205	25	0.3319032477028401
2205	26	0.3216959119217364
2205	27	0.2851480999119502
2205	28	0.17572083452427734
2205	29	0.37947977070415817
2205	30	0.2718206097810807
2205	31	-0.23056743773843635
2205	32	-0.10235669985640783
2205	33	0.1322084609901708
2205	34	-0.055718435369890074
2205	35	0.3121298812866229
2206	1	0.09829526717669523
2206	2	0.13189224487386042
2206	3	0.1154523604124762
2206	4	0.1423975945353959
2206	5	0.09361594674468421
2206	6	0.1238856172241185
2206	7	0.14097577380619697
2206	8	0.13285398405702864
2206	9	0.1553426378928222
2206	10	0.17283725283336793
2206	11	0.18251613158153646
2206	12	0.18885485309553474
2206	13	0.24100139924725283
2206	14	0.2607954946687059
2206	15	0.23017239908494247
2206	16	0.28776618930361053
2206	17	0.25382544294550513
2206	18	0.2230805067135293
2206	19	0.2693210702209754
2206	20	0.23468403343890998
2206	21	0.19476932592763774
2206	22	0.21722797631220203
2206	23	0.23154908709751965
2206	24	0.29608850637425377
2206	25	0.17657646068389
2206	26	0.18494595682752646
2206	27	0.18626436979241845
2206	28	0.13606208117339236
2206	29	0.32378322625126543
2206	30	0.36994422529600257
2206	31	0.3361867251686306
2206	32	0.2556259413137596
2206	33	0.21642614806499694
2206	34	0.18666124377449478
2206	35	0.4636450328017716
2207	1	0.13485045131732676
2207	2	0.11584157531736139
2207	3	0.18893229170232217
2207	4	0.10746760441355718
2207	5	0.09707583217053184
2207	6	0.17686080244099855
2207	7	0.18678452792300249
2207	8	0.13436425277673436
2207	9	0.15158122936664853
2207	10	0.20059027021009967
2207	11	0.19383435040393238
2207	12	0.22583161400343954
2207	13	0.22446508393895215
2207	14	0.26621997234711614
2207	15	0.23659234994592282
2207	16	0.27607181188844265
2207	17	0.2244379717318168
2207	18	0.2002733363811231
2207	19	0.19121060988602778
2207	20	0.2257829239521172
2207	21	0.18301308879826195
2207	22	0.1869106482831171
2207	23	0.20694853697340676
2207	24	0.25497048085177454
2207	25	0.1702807604308063
2207	26	0.09854810723147267
2207	27	0.18753432625105404
2207	28	0.2312984511973255
2207	29	0.3816583222236929
2207	30	0.3516986058008129
2207	31	0.3205163784566665
2207	32	0.4132432745173489
2207	33	0.5181982999637285
2207	34	0.5012399577434508
2207	35	0.512520888129238
2208	1	0.08259101864418028
2208	2	0.06333080003094693
2208	3	0.09708754961553723
2208	4	0.10384667623790733
2208	5	0.1095447335050963
2208	6	0.1471788091283983
2208	7	0.1387467529599391
2208	8	0.07995460700649915
2208	9	0.10467238524192624
2208	10	-0.4843178295246986
2208	11	-0.18093380146775928
2208	12	0.015010280907645779
2208	13	0.12646743498392965
2208	14	0.14735753929275575
2208	15	0.1691794285639645
2208	16	-0.07413700254803501
2208	17	-0.0018201203775234376
2208	18	-0.6824714886458025
2208	19	-0.28178842356755496
2208	20	-1.063103866792808
2208	21	-0.4324237096101555
2208	22	-0.12749492931591533
2208	23	0.08569372754762128
2208	24	0.24224000619962283
2208	25	0.17321654257622754
2208	26	0.15328967458654574
2208	27	0.21340664980378676
2208	28	0.1265827523375549
2208	29	0.32563005317549454
2208	30	0.30612138964637836
2208	31	0.2623680396214496
2208	32	0.38736856259613006
2208	33	0.39969658831657284
2208	34	0.5707521528654027
2208	35	0.6394026085593438
2209	1	0.031590428792505065
2209	2	0.02767907045019058
2209	3	0.06001385617809518
2209	4	0.09159402344679535
2209	5	0.08076634303972696
2209	6	0.10468790866946875
2209	7	0.07007874388403224
2209	8	0.007866562909434549
2209	9	0.05471277055688262
2209	10	0.07735172816875746
2209	11	0.07682290218623677
2209	12	0.10216215024419739
2209	13	0.1470666431029244
2209	14	0.1550425667198354
2209	15	0.1547689102960348
2209	16	0.23875050648554463
2209	17	0.07044426415180993
2209	18	0.09128750411821329
2209	19	0.10361643566647416
2209	20	0.16109605898201806
2209	21	0.16568652416879814
2209	22	0.1532916473979995
2209	23	-0.0052163412762809
2209	24	0.07594160993880195
2209	25	0.01714666359755057
2209	26	0.022548761275203333
2209	27	0.08289022131826584
2209	28	0.048554849702028946
2209	29	0.10344051685898137
2209	30	0.09015349640664994
2209	31	0.08497888896300054
2209	32	0.09085955358712283
2209	33	-0.14907720763969934
2209	34	0.0674188195320653
2209	35	0.0764396455963876
2210	1	0.0076387973685285715
2210	2	-0.13394548951607987
2210	3	0.019046801721884776
2210	4	0.05804155874375283
2210	5	0.03439013005483105
2210	6	0.049987045912004646
2210	7	0.056771686891309514
2210	8	0.036920786033526554
2210	9	0.04814439951289984
2210	10	0.11923634078483047
2210	11	0.1348516539129534
2210	12	0.13784858572248737
2210	13	0.13038028132064738
2210	14	0.13788339362333346
2210	15	0.15676898570590225
2210	16	0.24608428670237714
2210	17	0.16069366033818966
2210	18	0.14966689755634377
2210	19	0.15034847381571836
2210	20	0.14499407926436447
2210	21	0.12909824502997935
2210	22	0.15402813172617158
2210	23	0.17992138744304498
2210	24	0.2582135093071827
2210	25	0.14948635571239777
2210	26	0.07570110820314824
2210	27	0.148267420542048
2210	28	-0.009025176775445232
2210	29	0.04639880899662785
2210	30	0.1068867526192463
2210	31	-0.07694167491002446
2210	32	0.15535485875143706
2210	33	0.0707118623507128
2210	34	0.07181598265263744
2210	35	-0.011879442722701583
2211	1	0.002098593167836782
2211	2	7.17711084440964E-4
2211	3	0.052489074529837865
2211	4	0.022710395224954993
2211	5	0.005088630702850594
2211	6	0.0037579930981053167
2211	7	0.0074747918638990996
2211	8	-0.017630440915674228
2211	9	0.017682575936767364
2211	10	0.014968470020775726
2211	11	0.07047803721769696
2211	12	0.06524999541799303
2211	13	0.0774847513114949
2211	14	0.0900274032584889
2211	15	0.09340956787947619
2211	16	0.1727957224998491
2211	17	0.10794296225581235
2211	18	0.11797807196854393
2211	19	0.08510802411399254
2211	20	0.11360397263037925
2211	21	0.056894964804570236
2211	22	0.0639106221679171
2211	23	0.08211999147913218
2211	24	0.11980784532216404
2211	25	0.02067591261624102
2211	26	0.040496721363666666
2211	27	0.04453367019069532
2211	28	-0.061642080278417666
2211	29	0.09335605266619496
2211	30	-0.07847821420195089
2211	31	0.15397079059080454
2211	32	0.15655980707254713
2211	33	0.20240017403902044
2211	34	0.25161635039626873
2211	35	0.35123056554859744
2212	1	-0.07223223092268682
2212	2	-0.07444830707462557
2212	3	-0.049699367917860116
2212	4	-0.05620812091106586
2212	5	-0.07015520836817046
2212	6	-0.0878056715966622
2212	7	-0.07335681421594842
2212	8	-0.0593910157114621
2212	9	-0.06298290626649106
2212	10	-0.027497644309207203
2212	11	-0.3809652632705891
2212	12	-0.45703707827609463
2212	13	-0.3079115965004462
2212	14	-0.10513084946790485
2212	15	-0.025490547000231345
2212	16	0.057438756944634406
2212	17	0.046807309391532215
2212	18	0.04241375401352343
2212	19	0.004746152008188176
2212	20	-0.006909947333859634
2212	21	0.008609024449043545
2212	22	-0.015930591561527763
2212	23	0.01428187307215012
2212	24	0.0834586303979421
2212	25	-0.016560301451320925
2212	26	-0.08594229220120297
2212	27	-0.13012498349686297
2212	28	-0.05778620744825247
2212	29	0.08871339972165515
2212	30	0.15566459344553607
2212	31	-0.04342971318753541
2212	32	-0.2273315033234482
2212	33	-0.0053920337531820905
2212	34	0.37010280221605285
2212	35	0.020354989511730537
2213	1	-0.1048208761612841
2213	2	-0.10375463526583673
2213	3	-0.0935545983129984
2213	4	-0.051947062998578986
2213	5	-0.14069072750687184
2213	6	-0.1850789613877879
2213	7	-0.1783136938511447
2213	8	-0.1430276457184263
2213	9	-0.13980135526737314
2213	10	-0.10724488351601025
2213	11	-0.12778758926305045
2213	12	-0.07161905699492621
2213	13	-0.05526059780289927
2213	14	-0.015540053719846014
2213	15	-0.02989810874176868
2213	16	0.04039456410230713
2213	17	0.0047416795810448775
2213	18	0.004795410161911207
2213	19	-0.05231214986238797
2213	20	-0.07071582908580609
2213	21	-0.05549044384896007
2213	22	-0.022479797555838843
2213	23	-0.07580960626179234
2213	24	-0.03446529505659157
2213	25	-0.0344028447880973
2213	26	-0.0650431830163214
2213	27	-0.03171082356853816
2213	28	-0.13402010639861572
2213	29	-0.016946977636834504
2213	30	0.05813751867863459
2213	31	0.09660989077286075
2213	32	-0.17066005425601816
2213	33	0.027941299580149348
2213	34	-0.06496213284888341
2213	35	-0.016152946996207618
2214	1	-0.11805375247232774
2214	2	-0.13184756891446625
2214	3	-0.11857738657364791
2214	4	-0.07573866174974597
2214	5	-0.1435457965063165
2214	6	-0.16378624008581255
2214	7	-0.13664805253282708
2214	8	-0.1582864969082678
2214	9	-0.2022535616961889
2214	10	-0.18910902455937872
2214	11	-0.14503836752655275
2214	12	-0.11498318572276389
2214	13	-0.1013108839264234
2214	14	-0.09376021735648266
2214	15	-0.11429405183630337
2214	16	0.005960940674420101
2214	17	-0.06659951070543002
2214	18	-0.0931558065199738
2214	19	-0.0591564468173118
2214	20	-0.08726166063843976
2214	21	-0.10149812299979999
2214	22	-0.08740484164754747
2214	23	-0.1293987343638605
2214	24	0.009566472450821095
2214	25	-0.12086894761904432
2214	26	-0.10506556350409824
2214	27	-0.12863181354522624
2214	28	-0.12452280265105031
2214	29	0.052350279033589686
2214	30	0.026236178414663414
2214	31	0.026258360206959708
2214	32	0.02066298658822774
2214	33	-0.08688746140245485
2214	34	-0.1164571494601816
2214	35	-0.029224842421044173
2215	1	-0.18502119103514048
2215	2	-0.20786884336538236
2215	3	-0.24270949406724895
2215	4	-0.21149173830308143
2215	5	-0.20240442361589572
2215	6	-0.287661868494709
2215	7	-0.30747241598898256
2215	8	-0.30584267731610026
2215	9	-0.3903566210541456
2215	10	-0.27875174392141844
2215	11	-0.24680507830409226
2215	12	-0.25301156360498567
2215	13	-0.26838975067845894
2215	14	-0.22310563102684
2215	15	-0.21967660348638418
2215	16	-0.12764312839835412
2215	17	-0.20146068209604096
2215	18	-0.1878443347076839
2215	19	-0.22803412294240388
2215	20	-0.24450744081284626
2215	21	-0.22568948893984953
2215	22	-0.23277301153994046
2215	23	-0.19496193817994367
2215	24	-0.14136818235198234
2215	25	-0.24509950831169647
2215	26	-0.2615063603004302
2215	27	-0.3039865966282491
2215	28	-0.30537812667717645
2215	29	-0.1803527747382816
2215	30	-0.15232191436144404
2215	31	-0.13276304652087134
2215	32	-0.04068806546050041
2215	33	-0.3494805876862941
2215	34	-0.44905916788931677
2215	35	0.01162483078157095
2216	1	-0.24049287526680985
2216	2	-0.335013718165861
2216	3	-0.34754980687525006
2216	4	-0.30040549734690813
2216	5	-0.31936523129890304
2216	6	-0.4765200711651545
2216	7	-0.43892180066392683
2216	8	-0.453275275395157
2216	9	-0.509081222148204
2216	10	-0.42259442641321954
2216	11	-0.4173445355051655
2216	12	-0.4805070042531838
2216	13	-0.38338990510416693
2216	14	-0.45105886934233297
2216	15	-0.39676660842557965
2216	16	-0.25411711303240025
2216	17	-0.298252368810104
2216	18	-0.44751721973440794
2216	19	-0.3851060228035692
2216	20	-0.45251772545752544
2216	21	-0.35898073842604106
2216	22	-0.45030244110799345
2216	23	-0.5972585762427158
2216	24	-0.5354882294101913
2216	25	-0.6096516582626705
2216	26	-0.6950914243787452
2216	27	-0.8915793647803127
2216	28	-0.6150061265141957
2216	29	-0.5497518096489102
2216	30	-0.8077764598159902
2216	31	-0.39668657104289906
2216	32	-0.5383071130795472
2216	33	-0.3354786138397614
2216	34	-0.6061709240576789
2216	35	-0.7939307247739862
>>END_MODULE
>>Per sequence quality scores	pass
#Quality	Count
18	1.0
19	4.0
20	21.0
21	49.0
22	115.0
23	271.0
24	667.0
25	1311.0
26	2678.0
27	4790.0
28	7894.0
29	12186.0
30	18082.0
31	25298.0
32	34547.0
33	46816.0
34	65648.0
35	103493.0
36	187121.0
37	395086.0
38	3504373.0
39	687935.0
>>END_MODULE
>>Per base sequence content	warn
#Base	G	A	T	C
1	23.44747154100121	28.954058203774437	26.690035150847212	20.908435104377133
2	26.057695287568293	26.361090417946997	25.891816530287926	21.689397764196787
3	30.50441845713526	25.081035449257865	23.507419799128588	20.907126294478292
4	32.1740644980588	24.916846233298145	22.06527712887961	20.843812139763447
5	30.34579963149122	25.516114315393146	23.558906681447812	20.57917937166782
6	30.123552826325824	23.70916992161833	25.115634634176388	21.051642617879462
7	30.888206581455385	23.58842582731084	24.856846853102137	20.666520738131634
8	30.02944461247148	22.462814702535272	26.93079731507187	20.576943369921384
9	31.19520569843084	24.25573505026885	24.341860345607415	20.2071989056929
10	33.147235223068634	22.739941620740368	24.312458884046833	19.800364272144165
11	30.284996075228516	23.625888663588828	24.67355355204569	21.41556170913697
12	30.277444665821697	24.102686614940495	25.446386366195107	20.173482353042708
13	28.082985478149357	24.72963012216023	25.6019453999756	21.58543899971481
14	27.766983512036948	25.4967160195403	25.219510645133575	21.516789823289173
15	30.911763055994584	24.16180336286817	24.765053097195857	20.16138048394139
16	29.25100579435625	24.765688667322998	25.54831947876975	20.434986059551004
17	29.70396126474507	24.427369716175285	25.788952922232543	20.079716096847104
18	30.911666527930127	24.439533116247592	24.693297843049077	19.9555025127732
19	29.695406271151192	24.06559648639897	25.682478496459428	20.55651874599041
20	28.420437286005402	24.61273264497715	26.82917985304824	20.137650215969202
21	28.936369886183833	25.61474917884307	25.554403692750903	19.894477242222198
22	29.62670798583587	25.458918980394774	25.193918762340385	19.720454271428974
23	29.25971126015765	24.15710838340703	26.17215455290987	20.411025803525447
24	29.948877718781507	24.0467190844927	24.3608162677382	21.643586928987588
25	29.29311536156734	23.468169477430322	25.522508530127553	21.716206630874783
26	27.2828089420506	22.793761466490196	26.542469400443213	23.380960191015994
27	29.150156621097935	23.397219899893166	25.631656699136258	21.82096677987265
28	27.442902584306406	21.015385048667948	26.585483010418898	24.956229356606745
29	28.855384705638325	20.651725272215668	26.95464154690993	23.538248475236074
30	31.35291137140097	21.72054034673928	25.419349486054276	21.50719879580547
31	29.66864917988342	21.830096922868375	27.269723464823098	21.231530432425107
32	29.195288251157585	23.151681677097642	26.134050781051236	21.518979290693533
33	24.835083915440237	22.06449369483621	32.81139736338812	20.289025026335437
34	25.300037566482786	19.44757498467683	32.81531130751132	22.43707614132906
35	27.40721649484536	16.48453608247423	36.02577319587629	20.082474226804123
>>END_MODULE
>>Per sequence GC content	pass
#GC Content	Count
0	13.0
1	13.0
2	16.5
3	23.0
4	26.0
5	26.0
6	29.0
7	45.0
8	82.0
9	138.0
10	203.0
11	266.0
12	355.0
13	620.5
14	973.5
15	1461.0
16	2206.5
17	3131.0
18	4400.5
19	6184.5
20	8549.5
21	12655.0
22	17452.5
23	23738.5
24	32763.0
25	45395.5
26	64130.0
27	77561.5
28	96691.5
29	124127.0
30	151370.0
31	190385.5
32	223185.5
33	255048.0
34	314394.5
35	367092.5
36	406304.0
37	458354.0
38	515484.0
39	561431.5
40	589679.5
41	617366.0
42	646007.5
43	685768.5
44	733122.5
45	777553.5
46	815859.5
47	846671.0
48	879933.0
49	896656.5
50	904585.0
51	911951.5
52	895512.5
53	863100.0
54	831246.0
55	792425.0
56	751079.0
57	714712.0
58	667385.5
59	617456.0
60	577326.0
61	538547.0
62	503628.0
63	459760.5
64	412190.5
65	382274.5
66	338885.5
67	295783.5
68	265892.5
69	225661.0
70	190726.5
71	167433.0
72	144853.5
73	123904.0
74	103407.0
75	81631.5
76	67636.5
77	55877.5
78	42666.5
79	31364.0
80	25529.5
81	22361.0
82	19231.0
83	15513.0
84	11206.5
85	8627.0
86	7245.5
87	6157.0
88	5295.5
89	4507.5
90	3503.5
91	2602.5
92	2061.5
93	1436.5
94	939.5
95	915.5
96	911.0
97	557.0
98	141.5
99	80.0
100	80.0
>>END_MODULE
>>Per base N content	pass
#Base	N-Count
1	0.05166340877289401
2	0.0016475802342152987
3	0.0
4	0.0
5	0.0
6	0.0
7	0.0
8	0.0
9	0.0
10	0.0
11	0.0
12	0.0
13	0.0
14	0.0
15	0.0
16	0.0
17	0.0
18	0.0
19	0.0
20	0.0
21	0.0
22	0.0
23	0.0
24	0.0
25	0.0
26	0.0
27	0.0
28	0.0
29	0.0
30	0.0
31	0.0
32	0.0
33	0.0
34	0.0
35	0.0
>>END_MODULE
>>Sequence Length Distribution	warn
#Length	Count
15	285772.0
16	350529.0
17	401631.0
18	434772.0
19	454165.0
20	422347.0
21	410304.0
22	385412.0
23	342806.0
24	302344.0
25	259596.0
26	222191.0
27	187390.0
28	161840.0
29	139800.0
30	101423.0
31	78840.0
32	59447.0
33	47200.0
34	31177.0
35	19400.0
>>END_MODULE
>>Sequence Duplication Levels	fail
#Total Deduplicated Percentage	25.0565471909566
#Duplication Level	Percentage of deduplicated	Percentage of total
1	52.16974958200632	13.071937923419297
2	19.75883909572548	9.901765684811277
3	10.483500124876874	7.880409468161305
4	5.45215150058224	5.4644836546633515
5	2.928234359896015	3.668572121245755
6	1.7150884447086487	2.5784516730903975
7	1.1382505750718304	1.996444047459457
8	0.8058267532296162	1.6152988856026573
9	0.585757182268301	1.3209347231952706
>10	4.121710891879127	20.0510811933385
>50	0.4709848937614527	8.252507450814898
>100	0.3355347749039607	16.005299266361682
>500	0.0251481905056825	4.240694213081372
>1k	0.009223630584701529	3.9521196947547903
>5k	0.0	0.0
>10k+	0.0	0.0
>>END_MODULE
>>Overrepresented sequences	pass
>>END_MODULE
>>Adapter Content	pass
#Position	Illumina Universal Adapter	Illumina Small RNA Adapter	Nextera Transposase Sequence	SOLID Small RNA Adapter
1	0.04279785798878312	0.0	0.0	0.0
2	0.042993998492856365	0.0	0.0	0.0
3	0.043072454694485666	0.0	0.0	0.0
4	0.043288209248966245	0.0	0.0	0.0
5	0.04368049025711274	0.0	0.0	0.0
6	0.043896244811593314	0.0	0.0	0.0
7	0.04417084151729587	0.0	0.0	0.0
8	0.04503385973521817	0.0	0.0	0.0
9	0.045465368844179316	0.0	0.0	0.0
10	0.04642645731413824	0.0	0.0	0.0
11	0.047485616036133785	0.0	0.0	0.0
12	0.048544774758129336	0.0	0.0	0.0
13	0.049878530185827434	0.0	0.0	0.0
14	0.05052579384926916	0.0	0.0	0.0
15	0.05107498726067426	0.0	0.0	0.0
16	0.05115344346230356	0.0	0.0	0.0
17	0.05115344346230356	0.0	0.0	0.0
18	0.05115344346230356	0.0	0.0	0.0
19	0.05115344346230356	0.0	0.0	0.0
20	0.05115344346230356	0.0	0.0	0.0
21	0.05115344346230356	0.0	0.0	0.0
22	0.05115344346230356	0.0	0.0	0.0
23	0.05115344346230356	0.0	0.0	0.0
>>END_MODULE
>>Kmer Content	warn
#Sequence	Count	PValue	Obs/Exp Max	Max Obs/Exp Position
TAGCATT	60	5.856523E-5	717.4079	29
CGATATA	320	2.3283064E-10	336.28494	29
GCTGAAT	585	0.0	257.53107	29
AGCCACT	20	1.2602231E-5	256.68936	25
GCACCGC	175	0.0	176.01555	25
CGGGCTC	790	0.0	169.61868	28
CGCGCGG	95	0.004723715	165.94275	28
CCAGGCT	275	0.0055970317	156.52538	29
CGGCCGT	415	9.144931E-5	155.58244	29
AATACGT	280	0.0059068887	153.73027	29
GCCCGAT	170	6.4574124E-10	144.9664	27
CGCCCGA	125	1.2732926E-11	144.14766	26
GCTCCCT	110	0.007322735	143.3142	28
TCGCGCT	205	1.4551915E-11	140.25206	27
GCGATAT	860	0.0	137.48163	28
CCTCGTT	60	0.008406356	136.91272	27
ATTCCTC	160	8.34882E-5	134.51398	29
CTTGAAT	2635	0.0	130.6853	29
CATCCGG	170	4.2560714E-8	126.60139	29
CCCGATC	195	2.4923353E-4	121.26585	28
>>END_MODULE
